-16.161680444970752
-1.5500220205418187
18.934514232413317
-4.6162820101440056
-4.9414648384110142
15.567477999885577
-20.512009842773637
7.2444722722371733
15.999161138860192
13.873837466377912
14.932769480184827
-4.9414648384110142
-25.817820362073221
-4.3149265324814063
-23.949750082957486
-1.5362643377332652
2.5726016403330432
9.3904800358218665
-19.690010031836202
-16.332519800853145
-11.145741013103214
-12.289333959336298
18.232820070036023
-28.781113575762475
-20.091655398771259
-20.512009842773637
-8.9836135823528558
-8.9836135823528558
11.908344052295602
-20.166854533056277
19.194632523650633
-20.512009842773637
-1.7669785943426284
-1.7669785943426284
-21.492311659129058
16.493156267948589
17.748541573354231
-18.838712562187034
-40.558054928473702
-9.8531364860424215
12.08595623004982
-21.071412098700314
10.095312106097646
-11.693111275462355
-4.9414648384110142
-4.9414648384110142
-19.600678282984031
-20.873816410055131
-20.805771944937824
-40.145740966729527
-20.660894348688615
-19.93869525033546
-21.003889663935677
19.49102697586731
-19.982979484824231
20.014119045702124
-19.375385126650549
-21.021938554628321
17.707531975925956
18.008085344588221
-30.988126632473975
17.414092308059537
-20.805771944937824
-19.890685150963975
-18.415339375774892
-20.715906271193727
18.458355639842985
-20.019827610083023
0.26861933827959622
0.26861933827959622
-20.317149523396687
-19.77295653470167
22.145969073906009
-20.833782849876567
-19.279602449770692
-19.212273913099629
15.97013183969942
-19.973361130573519
-12.381123339784404
-51.845800813178172
-2.1707064633943953
-0.62980233544478903
18.229374745615647
20.972136603571638
-19.626036743541288
-18.930810215094816
-7.5891924789697107
-7.5891924789697107
-9.7491015853388543
-12.165293979032173
19.906401936432086
-12.876958281024892
-20.540747668397561
-2.3120901847577402
18.49922813441864
-4.5557489966964484
-20.091655398771259
-18.450761743809025
-8.4912669383346984
14.953362191325839
-7.5809666607444033
14.614296071618091
-16.600159695574643
-21.516767269727374
-21.368906333022828
-20.540747668397561
17.102507437766654
-4.9414648384110142
-20.540747668397561
-18.251108012865167
-20.633622889198932
-23.649541770377663
-7.6798322515357409
-20.819669154390219
-3.1067424376008046
17.947458087166183
-4.9414648384110142
7.2250672441874109
11.147374972873594
2.965175590142819
-20.600218296521195
-9.7057190730010632
-19.856572901246508
-9.1461443613904407
9.2542969102494954
-2.9801406462060656
-4.2982894252444046
-7.9490738691760772
-10.768989840230928
-20.474428617364786
-5.8932680788403307
2.5148474098958151
-10.894711804034474
-43.476201703645962
-0.57088488372132806
-10.796364488989862
-8.2047865944465084
17.852723589925041
-0.80389517504479169
-49.331563797741588
7.2250672441874109
-20.572419597421323
-9.4333128521805705
-20.512009842773637
7.2444722722371733
4.7827339223978784
27.162791511044613
0.23431259379606417
1.2955464174402227
-20.540747668397561
7.2444722722371733
5.24198718627561
-21.220356011038383
-11.850185327089564
-3.1505004270971377
16.02407262647311
-24.950088091684954
4.1101122430002546
-1.7339170823669772
-20.600218296521195
1.4506954830792864
-18.964684980059111
22.154496023658194
1.2685613633620383
23.568474783515097
-13.896499857569498
2.2334438963107637
-20.540747668397561
-0.28850136892214445
-33.303925559780794
-33.303925559780794
2.8069413199533679
23.289300856951844
-0.85013951341397109
0.22242156410419037
-6.9288009197827582
-48.246845510135891
-0.85675548800329115
-6.6404659340113543
20.903744668501577
-30.2805217311397
-12.441797447272497
6.0505878198632432
-47.321832998145837
-20.73378193348594
-21.490050116446128
-11.671690341943012
7.939800075351064
12.430487433466341
15.813921851509324
9.5377969962782316
-4.9414648384110142
8.2305892615450738
-20.166854533056277
19.194632523650633
-20.512009842773637
-1.7669785943426284
-1.7669785943426284
-21.492311659129058
16.493156267948589
17.748541573354231
-18.40768749369996
9.3904800358218665
-19.690010031836202
-16.332519800853145
-11.145741013103214
-12.289333959336298
18.232820070036023
-28.781113575762475
-17.685946884429558
-20.679940342513508
16.91402568452791
-20.600218296521195
-4.9613629036559015
-16.069623716388556
-20.091655398771259
-5.6298329744447972
-22.643209993770647
-21.318541759095989
-3.2163201488019122
-20.572419597421323
-4.5548645082790582
-25.926955707091921
-18.592384522577181
-20.579939426122881
-20.291782804980496
-4.0763432249209393
-26.629127115500708
-20.391783721371123
-14.66723751209379
17.576175901344566
-20.572419597421323
-5.5164310267174503
-8.9792921251435711
-5.352737897550357
-12.381123339784404
-51.845800813178172
-2.1707064633943953
-0.62980233544478903
18.229374745615647
20.972136603571638
-19.626036743541288
-18.930810215094816
-7.5891924789697107
-7.5891924789697107
-9.7491015853388543
-12.165293979032173
19.906401936432086
-12.876958281024892
-20.540747668397561
-0.12196899100826501
-43.817157321039879
20.069538224831405
-6.2996816018549495
-41.088650434101588
-11.301313238208577
14.919505022271379
-21.278961582498216
-11.385105201109623
-4.9414648384110142
15.567477999885577
-10.080917615914357
6.5142241453964589
8.7632103683674192
-18.185091406166606
-17.886571508542467
6.7513207359959901
-11.312562522009479
-17.351988415874008
1.7324068139397539
-0.70228474708046207
22.085856392474778
-16.332935893902391
-20.500250446254668
-4.9414648384110142
15.999161138860192
13.873837466377912
14.932769480184827
-4.9414648384110142
-25.817820362073221
-4.3149265324814063
-23.949750082957486
-1.5362643377332652
2.5726016403330432
-20.091655398771259