-33.839958094293877
30.214706344760373
-1.5702876824174263
-1.5702876824174263
31.165357301155591
3.2412758679135387
-30.296209484209001
11.707481200250021
29.08928971229988
-5.2281296624764648
-14.379158711157372
-3.999402410464433
-17.866797889468966
-19.718457131373324
-17.230473479859089
15.789161527620069
27.849390011960814
13.98183715889094
-25.535095134553753
28.216547098622176
-2.0668534710684479
23.952880282375087
-8.1799434733612078
-2.0668534710684479
-6.5458678425999688
28.076991391496747
30.383179238650346
-4.3160502443492863
-2.0668534710684479
16.113335584954374
-21.188006566120983
-17.424442571549527
-0.69819577277436606
-4.3271890481760122
-7.77644382695083
-20.523267463417323
-15.225079596539059
34.229102726524133
30.454974648083596
-1.3133546376084604
-9.3481057071737741
-13.890505435572527
31.344253435387529
-0.76361065531766736
-2.3618678604405963
-3.3518104165713023
25.483837892023519
-7.1764527782162428
-6.6160358555092866
-5.8162908688748214
28.634887641348975
27.20903306011391
-9.4416952518521757
-12.873370039502069
-19.833945522367085
-19.833945522367085
-20.822527243755605
-8.5910374717246452
28.862137604709343
-4.394348233465843
13.215006973257907
-24.161038950048741
9.4673663828259755
7.3258378980251306
-25.518019331343137
5.2844810389433281
-4.5775057452796766
1.0841669325993979
22.077528612556755
-0.09649800336472264
-27.95778647214258
27.107766318901291
-11.186663721308598
-4.6345919468694854
11.832514867334154
8.9360172333691654
8.3180514930764549
16.93568495161156
13.215006973257907
-24.161038950048741
9.4673663828259755
7.3258378980251306
3.2412758679135387
-30.296209484209001
11.707481200250021
1.9987421304414947
3.5441782230674437
37.3474866273828
-6.9045291630280268
-27.76832855109161
-12.197359223451343
15.789161527620069
8.9360172333691654
8.3180514930764549
16.93568495161156
-16.866624032641088
15.409551552570628
17.622482568681022
-2.0668534710684479
-2.0668534710684479
-2.0668534710684479
-2.0668534710684479
-33.839958094293877
30.214706344760373
-1.5702876824174263
-1.5702876824174263
31.165357301155591
-24.508172123073955
-12.197359223451343
-22.971752490940752
-15.04572517097726
24.868814057558616
-13.137731745558415
-17.820985136387428
22.754930116918128
21.81419268325714
-11.259971629090234
-13.670598412371376
-14.661851912823892
-10.233956758497392
23.360273905629537
-14.272713870114314
-12.55878593415931
-9.4714101533182831
21.888855909906663
20.25106003759473
25.483837892023519
-7.1764527782162428
-6.6160358555092866
-5.8162908688748214
28.634887641348975
27.20903306011391
-9.4416952518521757
-12.873370039502069
-19.833945522367085
-19.833945522367085
-20.822527243755605
-8.5910374717246452
28.862137604709343
-4.394348233465843
-11.971041154325327
-8.0991008346346618
10.179316032835136
16.985845306401384
6.0704386047634253
-12.197359223451343
-12.197359223451343
15.789161527620069
31.537863511079358
-2.0668534710684479
-2.883258905282907
-4.2325684574458355
-12.197359223451343
11.832514867334154
-14.566282016651055
11.353114795299209
-12.420940585639386
-0.86504955140652418
0.24247090819188472
12.688247195683589
-26.768125365604902
-12.197359223451343
15.789161527620069