-10.673878520837976
2.4968714384332102
-0.029443197238176715
-39.563654193748306
18.377195376330747
-3.1360109952487436
-3.1360109952487436
-11.824053745644848
24.346139570740242
-11.324310441824849
16.775766694141257
-13.88248682597918
-2.0417522281376925
16.61019523523812
-3.9987950784623014
22.758801738689584
-29.650998726699754
-21.441270537350604
-11.194807528253971
-11.194807528253971
-10.905350743582645
-11.821166245537816
-24.70296871112782
-12.776807267107698
12.29326508196543
2.5929644953922177
-21.586142982423567
-15.875833837604581
-22.095567277057345
0.43101116103888398
-4.6768917538629795
-3.7698213908790255
-5.4791709346343742
-21.015387963093392
-27.122224446344497
-0.87465099200388419
22.241180948256709
21.287482483896166
-6.4295848450378932
-15.873080405555346
1.91034396380939
-25.249802014164715
-23.102133366057849
23.184621226523902
-15.161694619609158
1.5342996794604939
2.3289552729670708
-20.190636573086113
25.525094696788187
-4.4230094021929265
-9.4165683587931799
-17.084691624303435
-12.469254607706207
-12.469254607706207
-30.789303655071581
-21.14723482536446
3.5678111082617625
-16.361840627888473
-15.038941507681798
7.5628480248386687
-15.650999483610821
5.7744669972732465
-40.898975804806398
-31.541738979826377
8.0513078848377582
-24.905781779477628
2.4232723373527132
-6.2146424691104665
-0.44905918521621124
7.6061890185119037
6.9056680280392273
1.0297787177555473
-25.035170132482492
8.9143961848097213
-28.601903487717802
8.3487455273572877
8.7651598871624596
-11.991397384719317
-14.565914950676474
2.0391579600390339
-19.964733374323067
6.1653471374088911
-7.3178199987790329
9.0687741392953534
-9.4609298862123978
-40.050424923111578
-9.4222798166592963
-5.7708891967750695
-1.3516900112809938
-7.2183002989331495
-4.9084370773835566
6.9056680280392273
1.0297787177555473
-25.035170132482492
8.9143961848097213
-28.601903487717802
8.3487455273572877
8.7651598871624596
24.346139570740242
-11.324310441824849
16.775766694141257
-13.88248682597918
6.2095336604804201
5.6293018182460033
27.87046399909444
-9.3588333725320609
6.750127917515405
-11.991397384719317
-24.905781779477628
8.0513078848377582
-15.571496234775188
6.4915594303793567
-31.952126607029637
-29.88976121984156
15.173450638671508
-0.029443197238176715
-0.029443197238176715
-0.029443197238176715
-0.029443197238176715
-39.563654193748306
18.377195376330747
-3.1360109952487436
-3.1360109952487436
2.9329442507384695
39.280898913211082
-18.630963361424424
-20.687677647734603
-43.826453243034265
19.200092378653551
-15.854767356383132
-38.640223558531332
16.453378180467027
14.937428876943656
-19.995632610896173
19.160617863549238
-35.376097622975962
-20.618329256604053
-20.155005839837671
-18.251877809749939
-34.757222245487355
-20.141791038877287
16.452635954454358
-0.39380124214203871
-0.39380124214203871
-21.138660373171913
-21.463699016662439
33.939403396807307
17.5216908563212
23.184621226523902
-15.161694619609158
1.5342996794604939
2.3289552729670708
-20.190636573086113
25.525094696788187
-4.4230094021929265
-9.4165683587931799
-17.084691624303435
-12.469254607706207
-12.469254607706207
-30.789303655071581
-21.14723482536446
3.5678111082617625
-0.029443197238176715
0.28803724925343827
-16.072670823738878
8.3841217535506356
6.6946425812616379
-24.905781779477628
-11.912073524834282
-24.905781779477628
8.0513078848377582
-3.4688594498718381
-15.040331981736971
8.0513078848377582
8.0513078848377582
-27.690026593194627
-24.184334342405883
-24.905781779477628
6.9306245123072561
-10.948547774009894
-9.2728651345198472
-1.5748072096704611
0.051008098005907491