-6.3390240086119043
7.293624514011996
-7.3263531162034727
-11.028291497958774
-9.2314558082558573
-9.4309041527444233
-13.545842757421751
10.024242206112449
-9.0979657143561194
-10.909531069296868
10.042944052077807
9.4109961159493469
-9.9601317816756172
8.3554432756697263
-10.227483944007547
-8.4592790811742482
-8.6305766546151119
-9.3755883605658976
-11.556089783432933
-4.843685209978795
11.809216138244064
1.1556598082361724
1.1556598082361724
-8.4654093122549874
-6.4168251814250921
10.790501247208523
5.8878140284136133
-3.311372564245159
-6.6663389320044706
7.8552559686479286
-4.6346541030900843
-12.582255172506212
-9.4100476091218734
14.018308072786231
4.1640131510294971
10.599812979519985
-3.5900657782028818
-0.66954068709515202
-1.7157931988325068
-4.3203672668437951
12.006019021966882
-7.9535604440707006
-9.5332806790986577
-9.9090769591913759
-13.959071364845755
-13.959071364845755
-11.031432575353355
-5.6636352973675734
0.16306364600451184
-2.0165440355592845
-2.7061753108222031
-2.7061753108222031
-14.653222284612292
3.5739625783565447
5.3417333129418632
-17.088120818984009
-14.683500269826625
8.9715610928880434
-4.555228911263046
-4.555228911263046
-4.080305558897046
6.8034323869482396
-11.701936553186963
-2.7061753108222031
6.8075730001136012
2.3338554522502308
-6.0395089934073045
-9.5922156439815431
7.1546037965624398
9.3463009934902406
5.2355608012074217
-11.701936553186963
4.6092508992165646
-1.223322248493955
3.5013068114100339
-11.639679837337527
7.567227974586122
-2.7061753108222031
11.839832987940111
-0.30544083242200437
-0.33842052076637075
-1.5386419481934599
-3.0755375199333366
10.745636577553221
-3.9558516931340661
-3.654097822934145
-5.8093245389103529
9.5600048577408518
-8.4056898421424364
-3.1694237114053574
-7.9762761908693678
-0.71867944861822897
10.224729744917687
-0.84079810836535396
-5.2508600873422075
-3.1141816893614078
7.4981022920367231
-8.2407652382664658
-0.92018876089006796
-6.8700829872416387
-11.869049703080194
4.725188519335032
-9.4915340412253091
-10.627737167334637
-6.7671004334904445
7.1997760932723258
-6.6702319984638097
-0.45011321418318007
-6.9860189076347581
3.3657267889579665
-6.436691760991974
-18.646994422153032
5.3028082076854144
-5.8135039982282226
-5.8135039982282226
-1.8667810328876482
-0.7275817454525495
-1.1435609828967959
-8.5408499393591359
-10.387735901337225
-7.8854314680439286
-5.141081705951267
9.3836171603738254
-11.765293888087642
-1.0042879821085955
10.52970249832217
9.2400206269564258
3.4658388992917843
-8.1700171033027811
6.119748179555172
-7.4267897445993274
-10.295982612661636
4.877986405486415
-6.2564461633221224
-8.0737299820542532
0.078784082730809377
-3.2730414313137888
-5.2292776281762317
-2.7002595431562804
-4.6905670266366757
-12.478059866884893
-3.2658932463370292
9.5878599789932615
11.584300602058802
-1.4897995967971538
-2.1087274266075022
0.62485619318948837
-5.0700722691438438
-4.6464500627412209
-11.701936553186963
7.567227974586122
-4.7927683050742669
-10.772520552988803
-6.1805364163231866
7.3996818534118525
-8.4779718528178858
13.073510659997382
3.1706372014238791
-4.1775696244908174
-4.4254908410021265
2.0345811254695589
-6.680843830332579
-4.5994389270521099
-9.6101033084833869
10.599812979519985
-3.5900657782028818
-0.66954068709515202
-1.7157931988325068
-4.3203672668437951
12.006019021966882
-7.9535604440707006
-9.5332806790986577
-9.9090769591913759
-13.959071364845755
-13.959071364845755
-11.031432575353355
-5.6636352973675734
0.16306364600451184
3.4453316657442592
-8.385560326502878
5.7643879472408104
-15.392689859417642
10.599812979519985
-3.5900657782028818
-0.66954068709515202
-1.7157931988325068
-4.3203672668437951
12.006019021966882
-7.9535604440707006
-9.5332806790986577
-9.9090769591913759
-13.959071364845755
-13.959071364845755
-11.031432575353355
-5.6636352973675734
0.16306364600451184
-0.91653597523043917
4.6092508992165646
2.3477226055741007
13.982170222848939
-2.4071590539258385
-11.882632366610459
-2.3558934568424794
8.5117572535825872
-2.9921281278895719
7.721040770154846
-3.7456405133283206
7.5644527288324479
-9.271021434577456
-4.4710544326949533
-5.191281517696666
-5.191281517696666
-2.7061753108222031
-2.7061753108222031
7.567227974586122
-12.260308715192087
-14.932317159398684
-2.7061753108222031
-6.742033199363167
-0.80735122115685964
3.7211188177373851
4.6952916165354832
-14.304487861916718
-2.5908659389168847
4.0694714901836875
-6.3674510187983415
-2.9320264745169409
-7.222743108162395
-7.3485482086643472
16.610695062765146
6.6981048719871357
-12.120348251831739
-10.861380578269001
-9.7470095179862621
-9.6197697658106218
-6.1168740833787307
-8.7912585381590382
5.5536130360354132
0.39589137790434609
-0.95821455303927017
-9.4248861959290604
-3.3147602865172874
4.1264237748865762
-0.93550294144218016
7.4981022920367231
-3.4886847939781518
-6.9017827398916651
-8.7598795770033853
-2.4801496010085615
5.7435266741222089
11.007210984570886
0.67117191540799159
6.7146376929377141
-11.701936553186963
-10.809738565374923
12.732188932582831
0.15211828097498814
-11.831503749607814
-5.5984852042050166
-5.9486065727751596
-0.67039212914160551
-8.4267455022550006
4.5511267076427622
4.4273951307080806
-1.3076904435897139
7.0567137751077942
17.542105464622011
-8.093125671573933
3.2099044028926076
-6.8421058261500427
-3.9473179332901727
-0.74262723051087631
-4.62271326094125
10.094390866056932
-3.1054206693430082
10.045598106566274
-10.270844414688865
-1.9832809151516462
-5.6835310960069316
-12.6258819535201
10.686315410276373
-1.1489050204764151
-4.1080771978384618
10.736275489928152
-3.7256029377639641
-2.494335540587346
11.467480305055535
7.3996818534118525
-2.7061753108222031
-3.8612771133065955
7.1161774442933226
-6.8421058261500427
-3.9473179332901727
-0.74262723051087631
-4.62271326094125
10.094390866056932
-3.1054206693430082
10.045598106566274
-10.270844414688865
-1.9832809151516462
-5.6835310960069316
-12.6258819535201
10.686315410276373
-1.1489050204764151
-4.1080771978384618
10.736275489928152
-3.7256029377639641
-2.494335540587346
11.467480305055535
-1.3922996065962712
-9.7004173835513505
9.7225250132077008
-11.701936553186963
7.567227974586122
-11.68501598890038
-2.3558934568424794
2.7583026448776979
7.567227974586122
-11.701936553186963
1.1598767178982246
-1.3251461035059839
-12.120348251831739
-5.526769805256853
11.781781413682706
7.4981022920367231
-8.2407652382664658
-0.92018876089006796
5.5363212015599732
40.903421390530255
-6.8257133436197002
-7.3710417342392107
-7.4596583264219678
0.28820650861486491
-11.782048103883195
-6.7856182957497637
-6.1412775474051591
2.5161916785751859
4.6435166286759886
-0.082809450911217775
-2.6694589201636489
-0.87443906537240301
-9.9688646675220376
-0.9332419091126678
-6.4132326880045891
-3.7110354140157171
-3.2552738105819845
7.567227974586122
-11.701936553186963
7.4981022920367231
-8.2407652382664658
-0.92018876089006796
-8.6410860206870943
-7.929423778752966
10.836251671614452
5.2664700983621042
-12.2409895437918
-30.627183321086537
-3.461933169044336
8.4148223639488187
-9.5901801660870127
-9.3639537698589574
5.7959741660546573
-7.4331918550847673
7.3057591480744133
-5.597459228660564
-6.4428478450963151
11.97984847367135
-5.10482346056581
-8.6864156341715031
-2.555610064543564
-11.685114954321492
7.567227974586122
-9.3070236633784358
-6.8257133436197002
-7.3710417342392107
-7.4596583264219678
0.28820650861486491
-11.782048103883195
-6.7856182957497637
-6.1412775474051591
2.5161916785751859
4.6435166286759886
-0.082809450911217775
-2.6694589201636489
-0.87443906537240301
-9.9688646675220376
-0.9332419091126678
-6.4132326880045891
-3.7110354140157171
-3.2552738105819845
0.99955404911151247
-6.5349112593833327
-2.0211592337681905
-0.037525271153226361
-8.4779718528178858
-2.0165440355592845
-11.701936553186963
7.567227974586122
4.0828039518804626
-5.3386543612853572
0.77045348708725969
5.7129395989623042
-2.4596647872346011
-7.544797772835274
-3.7752608332971844
-11.656645566785464
5.1578638159446966
-18.646994422153032
5.3028082076854144
-5.8135039982282226
-5.8135039982282226
3.4453316657442592
-8.385560326502878
5.7643879472408104
-15.392689859417642
-4.2012373644460768
-7.2938245071720935
9.4743975103262645
4.8930258654046597
-12.582255172506212
6.8030432995786345
6.5923389597651552
-3.2773775198750164
4.6952916165354832
-14.304487861916718
-2.5908659389168847
4.0694714901836875
-4.6218057234370811
5.642128395353561
0.15211828097498814
4.4957513060727461
-1.9634699540304752
-0.8474444313552133
4.8517050687684939
1.4658313122456343
16.831312888163552
-6.135936048370441
4.4097985505752471
-1.9187929731059041
9.4389722542454244
-12.332908005110973
-3.236119430849969
-11.701936553186963
7.567227974586122
2.3477226055741007
13.982170222848939
-1.5945888749438442
-0.64552311829458675
-7.2482339127112141
-1.4129940055001411
-5.485491954135477
-9.379705586380874
2.1859315055138762
11.127629109863577
11.510744610213079
-0.27050912256277987
-0.55556072975399262
10.412389054786752
-10.267585441139373
12.203477678018315
-3.8224744554818479
-8.3490494918744744
-4.748258089722456
12.52297873989386
-10.240960747395498
-4.3956205307541216
-4.482999756006758
0.35192425616701767
-3.867782497509638
-7.8683190528093503
-3.4021737241671595
-0.72480308386321279
-0.23857135419502956
-4.7053550687768215
10.983534057823649
-3.2392393466289868
-6.6470692302254113
-3.2999329107006194
-3.6394389557756464
-3.7207240618498885
-3.4272013618544248
5.3962036867000203
-3.7684577274911595
-7.5612428268675069
-4.6583333580070034
-2.0116124302069416
-7.0392958729795421
-3.0511645736461688
10.014869861196672
-3.3942371449877466
-1.9039529463442864
-1.1826876212699693
-7.7779235958952011
-4.4841394299262785
-4.1794586076387219
10.535315367587232
-6.9950738610090406
-0.57832228166027833
11.779929850248852
-4.1949597723831058
-2.0048269692158089
-1.8766190597826184
10.965241208744704
-8.6089519455482026
4.2743107794651873
-9.2314204993827289
-7.5010912407546364
-14.769968131984863
-0.36511662272977025
-13.795271535335866
-10.861380578269001
-9.7470095179862621
-9.6197697658106218
-6.1168740833787307
-8.7912585381590382
5.5536130360354132
0.39589137790434609
-0.95821455303927017
-9.4248861959290604
-3.3147602865172874
-1.9821589022936597
-11.701936553186963
7.3748848306238122
-4.6455286017202351
-9.1659166567837094
7.567227974586122
-6.3094440652950423
1.058784701118074