-4.2115073365117404
-10.399067275095113
-38.284884488019699
-4.8849689226134041
12.459870790854799
-5.1654347888657481
15.085414415639463
-10.658899877014042
13.727741093578832
11.503917833271181
-5.3078237506234531
-2.9637773703599151
8.4065614121351793
-14.864625755683299
0.9335325165863918
4.2151276821974903
2.5459098184827558
-14.724593711026355
7.9772676485099465
4.3408707503925159
-6.8470419966381186
-0.90943660185802366
6.0368847547355271
5.5510437193766169
4.0313242258184738
24.947799817975671
-9.7723891877733529
-1.4010092489627417
16.737702552852795
-17.185265786805708
-1.7202676695157175
-2.9001037638084726
-6.2235138621354107
-7.0881688462210288
19.759367684294276
2.5995661637152652
-2.7689983469393562
20.669656465955079
-5.6970797259988748
0.68505579043669351
-2.502216803498388
0.66144063834846645
0.32454433385690851
2.4900402621332423
2.8515883701163709
-2.7348333923874808
-8.9193637050521311
-2.7754810432808519
1.9509880452198201
-9.3385900964146469
9.1140154060958665
-5.8593880154113824
15.590406725051947
-4.4229668481282642
-10.228430608898408
-9.3985486473932447
13.197198460847016
-0.045622350414204198
-6.1323962924571385
4.2273882528740936
-13.508361387494993
6.4499972762085944
7.429874904873607
25.582385261001221
-13.508361387494993
6.0368847547355271
-8.7453199760645486
-9.2492334358738315
-0.52374152433486743
6.4499972762085944
-6.2801963789585917
3.8603744163827689
-7.7663787465976251
-6.2895499519045197
-28.850180625815828
-11.492589737745876
15.764728010536471
-1.8386360102602148
-7.8418406679547141
-7.2058813121181462
20.274394923793473
-4.1668587318424368
-26.763473903306831
14.392608786063297
17.046545274509452
-2.0819186745347018
-9.0327463432860444
-10.218472106616433
-3.0060350146652404
14.692022517486899
-7.2530727562888897
-8.2241780093386936
-1.8415920134955825
12.202602915060611
13.295971600638362
-6.4986770615622431
16.770598472698012
10.438434703174638
-34.646808378250853
-13.913890058016426
14.094828191908645
-3.2818782031668441
17.62401175488607
-0.85232196344931843
-1.3219512926326829
0.033350611768160211
16.243459550754633
19.439380264626113
-8.7470796880041739
-3.1064594029109269
-9.2214563748470475
-9.2214563748470475
-2.649297889777714
-3.3569128667257129
19.308261009052874
0.65075874543717027
-7.9305017830025468
-2.9637773703599151
-2.9637773703599151
-0.44874817672511635
-1.4702696667939799
-26.391885239787491
6.8958968163593983
-6.030805880170413
10.730680110269665
-2.9637773703599151
15.931949658042127
-18.541743199666119
10.991341050687215
12.43451319912695
-17.501307828631816
15.887273784339461
-3.4116832494897715
-3.4116832494897715
2.5152803205536838
0.92875575758982154
-2.9637773703599151
14.522313378915005
-13.508361387494993
6.4499972762085944
15.506099593672609
-3.565595054980355
0.27217888826803593
3.9248169918297644
-20.5800997965754
7.2012929197850974
3.0967299005371074
-13.508361387494993
-27.956936197819363
-8.3926741079990688
-3.8534121641615044
-9.2252052204464245
15.143781440148508
-0.8373359496025875
-5.6919487202917978
-6.156871151372485
-2.528247196272547
-2.3344663856986414
17.919941749753246
-8.619226612084617
-8.7453199760645486
16.405352205796763
0.47641126283266144
-6.6383305236382801
-3.3838066531875115
-2.5349387046112994
19.928022835432994
-8.4630362205958178
-3.4365588202219155
-4.4188357020266773
17.956895471451517
-6.658630447108977
-9.7700460168698502
1.3012784456738578
-0.22144969681624399
17.226150928988659
-7.0535699076309557
-4.0706686001251553
10.664226183337892
-5.3897180625458976
4.0627733108472208
1.631071985699202
2.1489955582953679
0.942499969746729
2.3213570058804929
-3.0092900054377383
2.8520407527947564
-7.713700751796619
0.2148631076633698
-2.6601996575255455
-0.81490757252137536
-2.9637773703599151
20.090288617373222
-14.413082539744938
0.91651025188694024
1.2735715066547433
-2.2057767718897967
20.204460961297041
-2.9637773703599151
13.57214925096225
16.770598472698012
-19.741839489270529
11.709492809656361
-4.2311326870137869
-4.2311326870137869
14.79326475665054
-9.7929895181630471
11.14859312675339
8.3004775107316053
-2.2932326237413019
-2.5042198335696098
-7.5865242977311445
-5.0064518502376458
-4.7803862746730115
-31.478666720270304
16.623297217225744
15.699154933289735
-2.8270865328630239
-3.470930695902918
-8.2492456554188962
14.12580426622265
-1.847214717719305
-2.4703774540139052
-5.0835902720669681
-13.508361387494993
6.4499972762085944
-8.7453199760645486
12.094537920037931
8.8799763123941879
-1.0456270954364897
-5.0566729702023077
-41.284665319525317
17.62401175488607
-0.85232196344931843
-1.3219512926326829
0.033350611768160211
16.243459550754633
19.439380264626113
-8.7470796880041739
-3.1064594029109269
-9.2214563748470475
-9.2214563748470475
-2.649297889777714
-3.3569128667257129
19.308261009052874
0.65075874543717027
-3.8765197604205959
-4.5516424288226078
-23.691210835886238
-3.4082098264080796
-1.3906835155894133
-1.9616011363667945
-6.4512504268231723
16.893035030470628
2.5459098184827558
-14.724593711026355
7.9772676485099465
17.62401175488607
-0.85232196344931843
-1.3219512926326829
0.033350611768160211
16.243459550754633
19.439380264626113
-8.7470796880041739
-3.1064594029109269
-9.2214563748470475
-9.2214563748470475
-2.649297889777714
-3.3569128667257129
19.308261009052874
0.65075874543717027
-9.0955945181032423
-8.8328088745204401
5.5347530108223859
1.6332008549201578
-2.9637773703599151
14.879298685301361
-3.6831803650708483
-8.0663478701934288
-4.4327045411092207
-2.9637773703599151
-2.9637773703599151
8.3039646055814895
-9.0955945181032423
-0.66092554594950803
-24.520759061095475
3.1854217669476053
13.502731004074437
8.4065614121351793
-14.864625755683299
0.9335325165863918
4.2151276821974903
14.022302417549694
-2.9637773703599151
-11.617628464394713
-7.0697859232533489
-0.62249326690580953
10.856350298693451
-33.946675101918977
-0.55837065370795236
-3.4727809716282589
10.902161238942218
25.582385261001221
7.429874904873607
6.4499972762085944
-13.508361387494993
-10.228430608898408
-9.3985486473932447
13.197198460847016
-0.045622350414204198
-6.1323962924571385
4.2273882528740936
7.964015830937508
0.2295029560077079
9.0602027898562127
-8.4303474437334831
-0.871146698764099
-4.2714154439220327
-3.1726098213896523
-19.986455368782295
0.64869070246306404
17.466567767842616
-3.5800572303034457
-2.6950899269078978
14.759208546195856
-19.840817055300086
-8.9158262735723621
-8.7671688851796681
-5.9453639031001639
-5.7460605797031308
6.0040184648877188
16.821323965112306
20.611905596074457
12.007608020188723
-0.21537881305442685
-2.9637773703599151
15.439976191791873
5.5392271688463124
10.140765719881458
-10.790101764301919
-13.913890058016426
-4.4830833682168061
-8.0233791977066122
-7.2170870178453432
-6.0704968010837774
-4.918447248717186
-11.643786877289898
-5.3750803199549892
14.74725312559686
13.221565810944258
-3.9659184395459333
-4.8465674540974915
13.484506189169299
16.770598472698012
-2.9637773703599151
13.481269358978498
-19.986455368782295
-2.9637773703599151
-7.3518307115869064
-20.027895140723544
-4.4830833682168061
-8.0233791977066122
-7.2170870178453432
-6.0704968010837774
-4.918447248717186
-11.643786877289898
-5.3750803199549892
14.74725312559686
13.221565810944258
-3.9659184395459333
-4.8465674540974915
13.484506189169299
-3.548310782560447
-13.729473705650671
14.164110481123444
-13.508361387494993
6.4499972762085944
-9.0955945181032423
8.3039646055814895
16.770598472698012
-3.7607264874682698
-2.9637773703599151
-11.15848881780175
-19.82132159901802
-10.622430262989083
6.4499972762085944
-7.9305017830025468
-10.608171849900152
-9.2404827069389306
-0.7190371602520631
-3.1418207064736716
0.26719841759228324
18.308929893669681
-3.420377812417013
-1.6678883664871251
5.1476489590167489
10.664226183337892
-5.3897180625458976
4.0627733108472208
-11.386992012328793
16.567370284638031
-0.11937296713210545
0.87621478100814532
20.553083717731965
10.664226183337892
-5.3897180625458976
4.0627733108472208
-3.8611492886065371
10.448512228386107
-7.2833495539021378
-5.8234136708395887
13.159664941447636
-6.199962366814141
-16.332904468850103
-17.116216608084162
-0.24507535593777846
13.908679502475936
-6.1869247351939292
-34.646808378250853
30.462360455106033
-9.9957519061264133
13.010981514381706
0.67274216612341531
-2.9637773703599151
-31.478666720270304
-10.608171849900152
-9.2404827069389306
-0.7190371602520631
-3.1418207064736716
0.26719841759228324
18.308929893669681
-3.420377812417013
-1.6678883664871251
5.1476489590167489
14.124018560739449
-7.767649126170376
13.433083039809247
8.9146312504621292
-4.1358599409156769
-4.9414382977855906
0.27787075561310676
9.594622908155463
-18.821116562793598
2.9490417082118401
-1.0509866600283806
15.931949658042127
-7.9490638733267778
-13.48442412658569
-7.9305017830025468
-13.508361387494993
6.4499972762085944
6.1901569721884204
-8.8011404525097081
9.9191940549629649
0.47573867339588649
1.1465110851133071
-14.813407329898297
-19.741839489270529
11.709492809656361
-4.2311326870137869
-4.2311326870137869
14.79326475665054