-10.2184042838864
-0.4637159881857566
-2.8230734613596224
-7.162019739250348
-5.6502972126340154
-1.3932037823172174
9.6408115034610482
-2.7584791623533556
-12.024035456765478
-6.0248198620773383
-11.593271368095877
7.8209292188436725
-10.644887240157598
-2.9799064115405223
-2.9799064115405223
-12.373017938436918
6.5323781477515954
5.2844619057038038
5.2477457966192258
-7.4626015991341754
-7.9323273210156389
-7.4695836402899181
-3.5170931318970542
8.3933958657291363
-7.9923064418574983
-10.870549163383441
-5.4671440732157404
-8.0567365491235297
2.6305296402706051
-8.2192112990696415
-10.07827812010718
-11.407995553038441
-9.1956765877208611
-5.9387074261346484
-10.164370639834111
-11.639754053022308
-11.453608200455834
3.448580803420445
-10.29899119671977
-8.1040259651031921
-9.0960755260811759
-11.61125153801485
6.0494100001503233
-8.6369446350619583
-9.938090889784057
5.4137593574092771
4.3053676058336334
-6.3324421110382927
-9.0048078152206212
-9.739868133015861
-4.8717632270862365
-6.0248198620773383
-15.404857971728369
1.4956206203092872
-10.213407263178214
-1.9140520445901803
-0.06687682440930981
-12.266372381382844
8.492122865185884
-7.0969414635678207
-2.425393719300327
-12.001488526569405
-6.0248198620773383
-1.5877245952153762
-11.415943683697973
-10.752887179983384
-12.475872708816365
9.6432019392818216
-0.27200767583979268
-10.644887240157598
0.14781298310072166
-33.732408496744689
-10.947976661497874
0.31174999064894016
-0.93621906638377672
1.1141504696861679
10.871800969801049
-2.0524055765535847
-14.719944455565965
-10.716989901600266
-8.93609423662671
-1.0864004763261905
2.103623101622496
3.3429389699669665
-8.2438663484709611
-8.8841749576473106
-6.5992929715064044
-10.644887240157598
5.575005989948985
5.7490162509155454
-0.75571297849896413
-3.4376658783808205
-5.4543594549043615
-0.82789570076265928
-8.0052607808010556
-1.9839759684670069
11.379923529638598
-6.8261933975972999
-10.155759888511609
9.1425021098547194
-2.5498675322062558
8.3473376057928608
-1.77750298606636
11.125961629993396
-3.3071524024482035
-12.071192024837631
-13.134012937940136
-8.0564093221350799
-11.646965071834464
10.342242968970586
-9.7639468460140009
-6.9564012741545573
-10.189148582220229
-11.523262682751927
-11.690485932896499
-4.2699477387591642
-8.3493560053314955
-1.2999874376005347
-9.7779096624288755
-1.9576080808979874
-3.0292223053771812
9.5774219532409965
8.424487984304454
-1.7643146699818693
-6.1863625391765895
-4.4444814915709623
-1.3949324964676262
-8.1766390031593374
-3.3982327158540819
-5.0719614639581136
-5.1677573948024653
9.1724406860758219
-39.879116918950913
-4.1000470205500292
-2.0502524514012026
-0.96717462949181388
-10.35717209196647
-4.2584460254173981
-3.4358442793983937
-5.1629733725769151
-8.9385312252288927
-3.037112356469986
9.051253241042545
-10.94404148506791
-2.3026378867864619
-0.81541154153570583
-1.7634359842440854
-1.5377382320314146
-11.571940100138601
9.4530420012057128
-4.7413358885412107
-8.7988748768013796
-6.7375867478011431
5.7503052198366635
-6.0595970653874032
-8.20118811122164
-10.717265541410439
1.5310167060375475
-35.280345318704214
-9.2751906811108249
-0.61819059176530633
0.3488088828059675
2.796267999690611
2.8268054529835855
-3.0349821282154497
-35.742701236919594
4.9446816939716189
-6.0248198620773383
1.2424513201001111
3.7153468497113979
-9.213561962611152
-10.152476555179064
-10.253404089288439
-3.3319718580112765
5.6016555077188297
-11.079665079422076
5.575005989948985
-10.644887240157598
-14.210617497079333
9.3968113995364462
-11.362964689580529
-4.0191395947074477
-13.232075478080137
-9.0587106208579442
-12.30451043834376
-9.1514854826797514
-13.980148863919819
-7.2371772436036039
-7.8937793707047659
-13.42845059429203
10.122895081434548
-10.980372408777997
8.2604495153660977
-7.5554518312625172
-11.051774732681688
6.1045393258350957
7.4520155080938597
-11.983300745961818
9.1193814656238477
-9.853581798875112
-9.3144685913616421
-7.5850387411344293
-6.9963281491162768
7.3143820638759607
-10.696364389595104
0.89009269268717528
0.89009269268717528
-9.078157457541975
-8.1307440651786997
11.611933790882825
-10.152476555179064
-7.6427439404252722
-7.9767175191103448
6.6935491643803289
-9.1281806509614487
-5.9723504344049365
-5.4030308648863459
9.2532106104655032
-8.648555536175353
-5.4030308648863459
-30.305261037183765
-6.5898750030397277
-6.0248198620773383
-4.2879913251001209
13.75589252092764
-9.1780214131185058
3.9476617409306365
-9.6335834300841245
-10.223157672147076
0.26113264788462281
1.4435226840069717
12.83559054417413
10.125380278225114
-9.8390642289105834
-7.2343905989896555
-5.604295391268022
-5.604295391268022
-1.9748962963893359
-3.3728644351243546
11.354139326522397
-9.3321105340408543
-10.644887240157598
-2.8863487758389343
-2.8863487758389343
7.7606385476959918
-6.0248198620773383
4.9446816939716189
-11.601917209096804
3.076935210785563
-0.75571297849896413
-9.7291143370819331
-10.862353638817758
5.7905050585805951
5.5358957846775434
-12.474583290114474
6.1784151955186237
-2.8602489768515786
-2.8602489768515786
-12.612476934203171
-9.1413162967760009
6.803894120611278
4.6048338179000154
-12.816374165417701
-13.524713113350856
-4.2018799619526135
-10.961638469981994
-0.89110948976527538
-10.174524362077253
-5.7524259278789076
-14.373358376099304
-9.1928334259708269
-6.4625095031912334
-12.270603971480888
0.065513527081635839
-7.7997181364249073
-6.9456878110811635
-8.9117036785451376
12.313581044711775
2.3138483990991738
-8.3198726260758367
-3.1449649905481922
-2.9148176752768515
0.92533207515892824
-7.2903874658066341
-6.6519957374963106
-15.222622410518511
-9.4648035391095462
3.3644697655414784
1.4924225636254003
-2.69897808621011
14.326786687530088
4.1596266685250445
-11.625937546384275
0.77368358557281847
6.214203135181509
-0.56839895457348522
1.1246408077831072
-6.8990856779256431
-12.088417185989876
-10.644887240157598
3.1273255894136387
-6.0248198620773383
-8.7670870487655428
3.3014060598339849
2.0073096876204159
14.873375345354329
2.8847011779897018
-0.05569579257989387
-10.24354642362802
5.575005989948985
2.0601217978196136
-6.0248198620773383
4.9446816939716189
-10.243054056301174
8.5956272551295481
-0.50563319200768342
-5.4270534671753552
-8.8243957107672557
-7.0860610331503535
-5.7172637701811437
-8.9909036529604762
-8.2880549235649976
-9.4823262128700971
-7.9765732935075571
-10.868701828547858
-3.9174745457128499
-6.3344223119593766
-3.5486210569340435
-5.2746770877203204
10.276914578437712
-3.0386280138425397
-3.4740407282436627
-3.1367906880060858
-9.4347524658009174
-4.2764185763092266
-5.3570637021661387
-7.3180122644500569
-0.15063090286335851
-4.5242615417695813
8.259627787351965
-7.4129801845427998
-2.6822813438198168
-10.574229042512789
-4.3533928515519715
-9.7726461405656408
-7.6353183144143291
-14.83422962312064
3.7059152015733838
1.8989221838355066
5.0351551562643095
-6.0248198620773383
-10.27637152314535
-6.760903096522445
-11.364089635618152
-6.5898750030397277
-6.2444900418233154
-6.1053687803985595
-4.5591917786675094
3.3734074366336726
-11.324614276700922
-13.125512246596902
-7.8336505370076992
5.3906123151025271
-7.054199525744699
9.0539037756374938
-8.0672117212921552
-9.1617512504571081
5.488047534576098
-9.4731897348411227
-10.563922514480723
5.575005989948985
-12.854400021271113
-11.593271368095877
7.8209292188436725
-10.644887240157598
-2.9799064115405223
-2.9799064115405223
-12.373017938436918
6.5323781477515954
5.2844619057038038
-7.5183181628480016
-2.323712172191235
-8.2192112990696415
1.0019587307517508
-1.2364040655266899
-6.6252076330054379
-4.0232227592297107
-13.046935513253313
-5.2319497847085419
-1.3805313173870342
-7.2214514626382336
-10.934486985719934
-2.8049148381801947
-5.5980980809382928
-8.9715919794307073
-9.4399057690448327
-3.8781488173215952
-12.050550751820502
-3.7692567241493022
-5.4613651855015561
8.9222261132613809
-11.639754053022308
-6.1466192288436385
-5.8252438332439418
-9.5400122274128716
-11.353639013192247
-9.1143975948498692
-10.331087412449719
-5.7296886369665305
-9.4969233812718006
-4.2258010423864336
-7.1724296659560309
0.028525531953124277
9.8690784175153272
-3.9091219715883652
11.106970904916533
-1.0423573191059325
-7.6543883005767492
-10.24354642362802
-5.1501754279525542
5.2646429822669214
-10.563922514480723
6.6949840048380382
-1.2351353528787619
-6.7781384430896008
-9.2422162065239828
-0.3521994566821704
-5.2995641169719345
-1.567814687026571
-6.4110507024403427
-10.319604577646299
-11.714558251357451
-10.426658304076769
-2.5302874920113334
-10.027810489477604
-8.7562689257847826
-5.0101768784235965
9.8759602999245413
-9.5400122274128716
-3.7136197200767329
-4.083540218226978
-4.8936245028959195
-7.3206661447248846
-10.852451596259456
-6.3837976784648207
4.850442716457553
-5.2491413325530019
5.672894983476457
-6.206534230096822
-10.644887240157598
5.575005989948985
-9.6335834300841245
-10.223157672147076
0.26113264788462281
1.4435226840069717
12.83559054417413
10.125380278225114
-9.8390642289105834
-7.2343905989896555
-5.604295391268022
-5.604295391268022
-1.9748962963893359
-3.3728644351243546
11.354139326522397
-9.3321105340408543
2.1727638667142943
4.1495382436050008
7.3890966461169878
-3.6997874029163884
-12.746819038407065
6.4855887723675059
3.5535784935641592
-12.01904910606425
-4.9996718766785877
12.692863689552146
1.4209229312427896
-3.0554133601648323
3.2166189211841534
-7.5216424789165455
-6.3212086684187412
-7.8511391041836518
-11.14419306444263
-10.223157672147076
-9.6335834300841245
-10.223157672147076
0.26113264788462281
1.4435226840069717
12.83559054417413
10.125380278225114
-9.8390642289105834
-7.2343905989896555
-5.604295391268022
-5.604295391268022
-1.9748962963893359
-3.3728644351243546
11.354139326522397
-9.3321105340408543
5.2477457966192258
-7.4626015991341754
-7.9323273210156389
-7.4695836402899181
-3.5170931318970542
8.3933958657291363
-7.9923064418574983
-6.0248198620773383
-6.0248198620773383
-9.6555671032873995
9.5968632715490774
-9.213561962611152
-0.55053045573688053
-6.4274225038381552
-10.644887240157598
-6.0248198620773383
9.2532106104655032
-3.5564807144935604
5.419022138968673
-11.537848831209242
-5.5557993690014991
-11.216269304808877
2.1111274145595882
-9.6523622007504617
12.5446797859297
0.93633423379884229
-9.4077934111226114
10.052257445608063
-1.986288722443011
10.88530092566225
-3.6178792969467066
1.1769912315540099
-11.216269304808877
-2.7286085796584767
-13.457008470952397
-13.457008470952397
1.7784348480012138
12.034736336495135
-15.404857971728369
1.4956206203092872
-10.213407263178214
-1.9140520445901803
-0.06687682440930981
-9.6154189284639227
-0.97882649476743577
-5.5660560097605876
5.1532226187226824
-1.9630146424144492
-3.4494439785802191
1.1457283205704916
-9.213561962611152
-45.765438344159023
-5.4251077576896138
-8.4969416276364562
-0.12775274978720996
9.5086188662015836
-10.644887240157598
-6.4526985571408195
-3.9017505148061007
-8.7780608249456549
7.8757551181304253
1.0697384709287454
-2.2840951953604791
1.0722437061930068
-8.7739517482267644
-6.8778168938571866
-6.6488259584825871
-6.3063035304722836
-8.4313518766086855
-15.160553342980444
-7.7684276429885681
-9.1525208982607413
-11.171119746657199
-0.7800371733355016
3.9324993167358175
-9.1780214131185058
-10.644887240157598
5.575005989948985
-8.9348797830554361
-5.2995641169719345
-6.0248198620773383
-8.3834330393643377
-10.644887240157598
5.2215731320867951
-14.719944455565965
-10.716989901600266
-8.93609423662671
-1.0864004763261905
2.103623101622496
3.3429389699669665
-8.2438663484709611
-8.8841749576473106
-6.5992929715064044
-6.0723006049074284
-12.305491257180822
5.575005989948985
-7.312601665595432
-2.4591527280953676
2.2398703407331055
5.1532226187226824
-9.7062761903897652
-10.173223189153195
-8.907953562738431
-1.6280840848411806
2.6936119420526974
-10.644887240157598
-10.644887240157598
4.5373674880053834
2.6796413215812218
-6.1715093668508132
-6.8066721235001388
-8.6286028966543036
-9.6399341124434059
-8.5802482897210464
-11.931758741494855
-42.020777482359691
-9.253121205469542
-13.092452761453131
-8.4274819684087721
3.8558004157917041
-5.053727872963532
-8.4411038298126595
-9.7679755200305447
-11.323803827920351
5.8941440000860297
-10.723546184436769
-8.5004318673795662
2.9387207752713649
-5.1712253479724861
-3.2246474806711531
0.46554975055623904
-10.870549163383441
-3.678776180648252
-3.1767608286295563
-5.772953684728078
-1.602826587573515
-4.4119150564347596
-2.7480917228151962
-5.2545262440863079
-8.6822743858338853
-8.5063657042968099
-4.9707617579891252
-4.9707617579891252
-8.7422392326100749
-3.4521297092015137
-10.631903633609127
-9.0771478346357721
-8.2472034889677612
8.7300103562733575
-12.912228065158164
8.1085128317800432
-3.8010946368945429
5.7343995768327449
9.3968113995364462
0.23459489132811984
-6.0248198620773383
1.2930298205795316
-3.0478109859770308
-8.9575494836347236
-2.8090834432925469
7.5677759968642846
-10.24354642362802
-10.644887240157598
-5.2995641169719345
-9.213561962611152
-1.063015096535372
7.7244481207994973
-0.19305200038159653
-6.0248198620773383
-4.1778836013028986
-8.2192112990696415
-10.870549163383441
-3.678776180648252
-3.1767608286295563
-5.772953684728078
-1.602826587573515
-4.4119150564347596
-2.7480917228151962
-5.2545262440863079
-8.6822743858338853
-8.5063657042968099
-4.9707617579891252
-4.9707617579891252
-8.7422392326100749
-3.4521297092015137
-10.631903633609127
-9.0771478346357721
-8.2472034889677612
8.7300103562733575
-12.912228065158164
8.1085128317800432
-3.8010946368945429
-10.644887240157598
5.575005989948985
-11.216269304808877
-0.79034691065927243
3.7915027173079392
-11.216269304808877
2.3047098944700357
1.2178875665204085
2.0887293692692812
-3.9981687883882771
-11.929875189496055
-0.55196782023557334
0.16806866213386287
11.699408166644195
-7.515641069816299
-12.832354396173729
-2.6451907617688128
-6.6503706545911321
-10.117271164255838
-7.6203666014258502
-0.7068737709202727
-7.4141147361482425
-2.399338506765849
0.81768968745017601
-0.26831831431533165
-0.9292304648492411
-5.7645725896360078
-7.0875378876096908
-8.0992601591129567
11.505673788276962
-9.697971134685746
-6.0369373668401298
-8.1049101178778642
-9.0625549831696333
3.7059152015733838
1.8989221838355066
5.0351551562643095
-6.0248198620773383
-11.216269304808877
2.6636385533216989
11.874937532489138
-3.6583823283820753
3.7059152015733838
1.8989221838355066
5.0351551562643095
-6.0248198620773383
-6.0248198620773383
5.419022138968673
2.1436398659639946
-8.9308488595780844
-13.056368180627498
7.5340733391763699
-11.216531411659474
-8.4064635531251444
1.5567215312232316
-11.039187803768931
-11.593924105430036
1.9569005934243728
-8.4064635531251444
-1.5936513223667728
-6.0303558626760028
-7.9669202269372805
8.3828159925921746
4.9551171110702521
-8.9373414172441059
5.7917810237290723
-5.9065402730838636
-4.9665697084457356
9.0745615474736478
-6.0248198620773383
1.7309497277156101
-8.1077115748498088
-7.9742526787420527
-10.086410898249813
-8.2272231122697885
-11.292198698106411
3.4688553586166746
-7.1240267619423285
-9.1946257094031161
-8.2023062286503503
-7.5275564295322059
-9.2666806421503001
-7.6546817032881247
-1.953851731117874
-7.086252980995944
-10.465928704622467
-40.298740144130754
-8.9691406133640292
-9.6829914005152062
-12.032389932891199
-10.698589931715523
-6.4631892321874114
-10.878930183469368
2.3343820292681832
5.7672748692999791
-4.2563790210738111
-7.338827068947734
-8.6822743858338853
-10.870549163383441
7.8269324671944274
-6.0248198620773383
-10.245645739261047
-8.3837302240451574
-7.6543883005767492
-8.0421759148745373
-2.3940129955716256
-6.1739558875962768
-4.2340404273403243
-5.1277170910281438
-9.706423517752377
-6.3055908407972501
-11.026922501052018
-4.587051709222167
-7.1297417711724966
-6.1911162044061223
9.3968113995364462
-5.6555526243257317
-8.5892940522174293
-7.8460085771297079
-6.8488371022032952
-8.6822743858338853
-5.2995641169719345
7.8997698397419036
-10.318350621963164
-1.6907759122354582
-9.4947321556882951
-5.0883910486530048
-9.2361458752164136
6.2376520801901716
-6.6503706545911321
-10.117271164255838
-7.6203666014258502
-0.7068737709202727
-7.4141147361482425
-2.399338506765849
0.81768968745017601
-0.26831831431533165
-0.9292304648492411
-5.7645725896360078
-7.0875378876096908
-8.0992601591129567
11.505673788276962
-9.697971134685746
-6.0369373668401298
-8.1049101178778642
-9.0625549831696333
-6.0248198620773383
4.9446816939716189
-10.644887240157598
-10.644887240157598
-5.0580317864847935
-6.0248198620773383
-11.639754053022308
-6.8797907666988038
-9.5400122274128716
-11.618295732298625
1.2203073072892821
10.837381557009296
9.1043122709982516
-8.720048088315524