-5.3423277853083624
-20.600552475929671
-21.319340890287339
-18.080328934210403
-4.8310421446684462
-17.590760696370367
-6.8196923216099208
12.264171852265633
-16.196756145172476
-32.355597776425221
-19.238614754764168
-17.095901399732107
-18.892027586561692
-14.519795613257985
-18.216226107994192
-18.080328934210403
-9.0004046801797575
-8.9640607895141038
-10.74594211025615
-1.5271506829648209
-17.059250073460138
30.009491542309338
-7.9675607348505748
-0.71100031412060927
-0.43083543635162269
-18.941534352110239
28.653585692217845
-17.960804171518085
0.1702132780147313
-2.3128123332765038
-1.0386190745924875
-16.59687172614899
-7.8416689071237595
-10.075071947408647
7.5996703434786035
-16.688670009986119
-15.134562252154794
14.340729904044727
11.717202756216533
-18.393692974490776
-15.666044935967488
12.105559337262632
17.33184651731025
13.01867165452037
-17.449123344851454
-19.286945864257074
17.289904349627037
18.056744905693723
-18.127098551743003
-17.960804171518085
-18.547586168591057
0.041624161182614118
-17.960804171518085
4.1567631054996923
-30.350536879166114
-6.2291131415071117
43.742961136765558
-7.6148040825400134
-17.960804171518085
-11.062442599800759
-20.612346192061072
16.758874569841936
-18.547586168591057
-37.85071703107598
-17.565631473349985
23.254585745947026
-22.686608409304966
-19.618998300935175
-16.42301434519225
-6.7057980748669745
-5.6720348570952197
23.887716716491859
-6.7240143597830544
-21.902953731469534
-13.638911607221928
-17.823084265906804
-30.300391872312446
-30.350536879166114
-7.9976827359991622
-5.602220388517412
30.549805644170359
-10.197498564232395
-15.777807498574367
-16.959270856130505
31.686871303208868
-10.197498564232395
13.510787828515651
12.302495250283496
10.630710124877709
17.142701701686185
-0.31380476663027679
-14.116131225884038
0.9165021646086835
19.966975016836688
8.4190539540180769
10.596664230796554
24.471004527183489
8.1647203857947197
0.37868214530004346
-16.073139788007619
21.791211664382732
-10.197498564232395
24.647234156242039
-14.034023882289571
-27.498860426913996
-30.350536879166114
-30.300391872312446
10.482062408604003
-15.496666998824029
8.0941415380574622
7.033806611694069
-30.350536879166114
1.6715177406096287
21.205614569863151
-14.522721238956471
-21.902953731469534
-4.5834506837951015
-11.062442599800759
-17.960804171518085
-17.565631473349985
-13.598718992296545
-17.960804171518085
-18.133563957266645
19.085734366879251
-19.506771324988716
-7.6148040825400134
-17.960804171518085
-18.133563957266645
-17.960804171518085
-30.350536879166114
-17.960804171518085
-10.16359277116876
-17.960804171518085
-15.53483161455395
-17.669880968452571
2.2000723957891095
-18.216226107994192
-17.157884102824664
-18.216226107994192
-17.960804171518085
-13.486198672557148
-19.453941488882183
15.483165614987913
-19.019158386114594
-17.401264123604552
-21.82518181712425
-25.377950935284037
-17.960804171518085
-33.911096605446176
-17.730454377025787
-17.960804171518085
-16.959270856130505
-30.264880275326579
-7.9511630723975957
-17.730454377025787
24.203992797739868
-26.408178973669781
-17.960804171518085
-22.641845832245963
21.829613893287693
-13.910184311805599
-20.97928726859038
-17.960804171518085
20.609480232187714
-6.3831770335968496
-0.65264358340394768
1.5242576317329097
-37.99643514034743
-5.3026914328689303
-1.3397950417492996
-6.7766159646143986
36.903356409689614
-7.5637594545816178
-21.902953731469534
13.342227404776446
-4.4798876838363784
28.7369945395378
-26.981809415926705
0.76665450632605114
0.76665450632605114
-39.659577765074864
-30.350536879166114
-2.1900210543242791
-2.1900210543242791
24.814166911359916
-2.1900210543242791
29.09077977240025
-30.350536879166114
-20.547317452873425
-17.685156236042303
-17.960804171518085
10.964281633304781
-16.960004225948314
-4.8485784711342426
-25.273416485020036
-17.939531225363023
-30.300391872312446
-27.754933189508314
-24.778330809270784
3.4274623570795297
-21.937337814579816
-14.519795613257985
-14.443020622654638
-0.73256983860992897
10.279803103375258
0.87668148214075237
-10.48895405507416
-30.350536879166114
-18.477860677326863
3.4200265234869058
-21.72905728341383
-6.7766159646143986
5.5962866608894748
-17.960804171518085
-10.286491266369094
-13.482720144202839
-17.565631473349985
-17.960804171518085
-17.960804171518085
-17.960804171518085
21.175477388525923
17.351813666942892
-20.97928726859038
-10.851860489760382
-11.334388292340785
-17.960804171518085
-25.288085272301537
18.290691991595246
-17.888965413793247
5.3336900497009223
-15.85524355845688
-16.938035510467589
6.5600425321616047
-14.437133462530438
-18.022193376090566
7.196316339525052
-19.522214430061897
-14.758375684854581
-15.785411779233284
-17.596358276494968
-17.196663098057723
-20.721570407058145
-23.393609676852229
-15.68491404355235
-17.223792239551187
-15.503141269606397
-25.164180750067139
-17.596358276494968
-28.887016206678666
-15.464169556909141
-8.8490724561046701
7.2470013655030439
-18.840195468435358
-12.234447290342578
-2.1900210543242791
-30.350536879166114
1.5242576317329097
-37.99643514034743
1.1989134987429337
20.084763089777162
4.2149990904506485
13.01250332182142
-17.377775730634717
-21.677181703997569
-23.393609676852229
-16.127447057248304
13.809330805221501
-21.926225676816468
20.709771429014779
-18.547586168591057
-8.8418622856362923
-8.5464447520907427
-30.922655483304077
-37.99643514034743
1.5242576317329097
-22.269970890632312
19.05623405425947
-17.052763704890683
-4.4887212849812403
11.754769342309812
16.537334081240086
15.062534559888389
13.894105891217151
13.382375508881189
-19.549998879912888
-20.905178687211894
11.704250585022381
-18.583264939111995
-18.170256805348938
19.085893236372335
-17.240199176485106
-1.4608332367656431
-17.963092041550663
-9.1652882063305263
-18.316288317578536
17.954561333929053
11.15556484135865
-0.63312670746195743
-0.85147629371974487
-18.259945721365455
-30.350536879166114
30.158510142259715
15.276036851791124
4.5806895969159331
19.94914481277306
-30.350536879166114
6.9280518594673923
4.2329144812386765
6.1359159936758241
-9.5363323606405146
-2.3696766274124754
-18.653595363956338
-31.668874988477668
-21.622021943638032
-6.5815658637768317
36.590003782891593
-4.8104738111030478
-14.65832186030106
-8.7085129518191629
20.636220250817729
-5.2185293667018549
2.0861065089119886
13.809043548936581
12.290338531813688
13.893312901799352
11.515548951059831
4.0480475060637859
-18.280653573849161
-6.558394065124828
22.866097791859438
-8.6795048119817739
-10.629988281232778
-9.5095926103800608
-8.486891360208249
9.9091371048562653
-7.6692364417247996
3.8762053963846794
10.20326942727398
-19.320259249777145
-10.67393138062566
-14.034023882289571
-18.393836047660098
39.482553130389341
-30.350536879166114
-10.416248150907814
-20.440310066503717
-11.042497009291912
-17.960804171518085
29.105018074859224
-5.5405407146141155
-2.2959067934867137
-18.547586168591057
-17.960804171518085
-17.730454377025787
-2.6308224414209613
-20.97928726859038
26.528572122711235
-2.2878510206001037
-14.385120518955452
23.577731059259495
15.722719062419676
-21.902953731469534
-8.8418622856362923
-20.547317452873425
-17.148488906426042
-20.981953677815241
15.640671108018417
-25.945970425931318
12.303105557959684
-3.8881834120621757
24.978613796928308
16.046441999554265
-30.350536879166114