-24.262410875765987
-10.231383329118177
4.9796105863124618
6.1720322748592258
-17.408014133835607
-20.468528405933959
-21.999319773238387
9.661985883120245
9.9976038701267367
10.431514798092488
-20.760903463904221
6.8992164090908492
-20.560903439719151
-20.690405810934141
8.2552962231520972
12.436707650343628
-20.636995418609569
-7.5538350202663738
-17.437104454707605
-5.6593061705590904
-23.318821220015248
-22.826090821630064
-24.6756697305225
-8.3519864628005465
18.180094805671711
-9.0877384366587215
-16.12780643213096
-10.403379595884505
-15.759620220320105
-25.453490452212474
4.9248951707076136
11.632594453589272
-18.47780702954255
10.785018546359847
15.781627310128831
-12.843610059080184
12.989807797181051
11.567011379648173
9.6477460451423624
-18.828130949246141
-26.13883396273873
13.246786950945003
15.764221794755361
15.200839246348231
-10.750518811933503
-16.164711523791613
-9.1844894270667066
20.028317007112268
-40.957158312855242
-19.080912850035716
-1.1072113413860027
-2.7833824908817673
-5.6222224769488118
-20.416264087694458
-5.1486866231939201
-3.0776905181421372
-21.930264551898492
-8.9624774236854616
-3.4872890697348051
-19.080912850035716
3.7474320294631136
-8.1897489858321695
2.1399392458991722
-5.3083999944492595
-4.3589805647361946
-2.8828434905014939
9.675469168740193
-23.004600556583206
-21.315117971541827
-7.2801834029435577
-13.315881259941342
-20.210738148569902
-4.3166099211191007
-1.4513264831976722
-20.381606348274481
-1.9799176911610381
-9.9220335238026482
-5.8379623828345117
-18.180962350178973
-16.739950430293206
-26.525248561760879
27.209530255215164
-13.427391721369665
-20.804532869789103
-7.1251361573299921
38.8864007762445
-25.269522652450245
6.3529398938064592
6.0391349435257631
-29.528613082258147
11.506721522248322
0.31677136688340995
-3.0144672722913586
-20.316179378301488
11.33008361093365
-19.122766727864104
-5.6593061705590904
-27.129883749874892
-2.3880324271923326
24.437937581749498
-2.3880324271923326
3.8052329205492459
-22.196960925947959
5.4010847928801065
-19.890474613772728
9.5650469653826828
-20.909175452648288
1.3288661559387438
-3.6642552739698675
-28.170582536300955
-3.473169809689638
-1.7647590772383064
-4.3042069619750025
-31.456744403142054
-30.941573584783438
-0.19124862915626301
2.6394835348984373
-22.948910405252715
2.6851734689090585
-17.805267481629695
-5.6745189405021872
-4.9058018370689869
29.644458417632997
-12.015359398873562
-23.677116754881482
-10.581127427565455
-2.0146083650621778
-7.1158936415883014
-14.363137905909808
-14.924439743104758
-19.020461009561895
-18.892397052564295
-6.1077416292282614
-18.12313918122782
-4.0493586712628726
-22.519089146639075
0.49280561628423764
-14.354974226574278
-23.779290229990934
-7.5487407289688084
2.9483689167598324
-2.5571581813724973
-9.2165194288502743
-3.0030164988136656
-13.482412960238159
-1.7003924534100643
-13.722841975286524
-9.1976500346242354
-10.515289515683195
-9.5219377713307924
-24.629859861272443
25.599443445285303
-1.8415717571667269
-4.8134591321562166
3.8052329205492459
47.352561029989175
-25.269522652450245
-25.869395894722476
11.018071056692728
-17.56284619524374
-1.8662750556560417
25.534465897547729
-26.525039320618358
-21.741970449033033
-12.644220741603302
6.370720346657289
4.5669475133171904
-17.136187627013218
-25.269522652450245
47.352561029989175
9.675469168740193
-23.004600556583206
-8.1641204182105884
-24.741353987189072
-19.080912850035716
-2.3486962923001755
-9.938817483433505
-7.6507850899248071
18.729446028917618
-25.269522652450245
21.957253473559362
26.377842772035713
-0.82439569923032752
-0.82439569923032752
-25.178187896959063
-25.269522652450245
-0.29250660385149924
-0.29250660385149924
-14.170461784065882
-26.664803823018101
3.6105345963806794
13.333711503150491
2.2750079564475505
-25.879526327005703
-3.2713522221210298
-20.602402489478564
-6.2073021128179757
-22.948910405252715
-18.663223045896046
-17.668962145925978
-20.831841772099533
-20.509383262942023
-3.5053356885421905
5.9350968749706547
-3.7284469887367315
-7.232204943736062
-7.5211119859279485
-8.1484643061486075
2.951970197681749
-18.498825842034552
-4.8122062197639091
-15.959986165480668
-3.0215696003512389
-6.6219703360964868
-2.4782135896821638
-20.602402489478564
-0.89359851130336332
4.7668165775017259
-25.453490452212474
10.79224715425244
-40.957158312855242
-16.164711523791613
-0.29250660385149924
-25.269522652450245
-8.1684733354154435
-8.1528803351594856
-12.453357393137949
-10.173985044591298
-4.9641359296988359
-14.439530535634992
-3.0247152955167294
-7.7119660220464059
-16.905456403562564
-24.611380848669935
-17.668962145925978
-12.430064395580752
-6.4444584363430035
-13.247021815136183
-4.5752765734370096
24.136442935383791
-25.269522652450245
47.352561029989175
1.3490878623614135
-25.88548089449981
17.495112041977524
-9.7936985830524712
-2.0210307310311899
-15.069515849830031
9.2140606306718578
-7.3767649909048636
-6.9056740597944
-23.03834620787908
-20.362316155700309
36.84379027584022
23.255009309119998
26.619495139387904
-19.122766727864104
-0.29250660385149924
16.568190749000816