-6.8789439988362222
1.3534580107733905
-6.1928838495043355
2.9317119668529288
-9.3372766827339984
-2.7839251356637598
-6.3195179641827073
3.6391604402951354
-4.0865886636381221
5.5563136116455079
-7.163486323817315
4.214276934108506
-8.4587973454582546
-0.63297044484815157
7.0194908037814185
-7.5556669238090448
-2.4074975092946702
-2.5298337812968725
-8.4770907362685328
-3.4617419771923452
-3.2751343108288378
1.1793584665531527
-2.1991269569088092
1.7058466845667717
4.8135516542466101
-19.255128530628053
-0.23629868711458218
3.4503108456263201
-5.1254259759884109
-5.0570926447738387
-4.3854834023178446
-0.36366092444151799
2.0557515381736207
4.862241041764527
0.16928220879712569
-4.4466012864907238
-34.071883573436629
3.6027295210991643
3.6957456048526325
-7.5092202828504178
-6.2136863950726786
-3.1800885017852933
-3.1800885017852933
0.33040276547502945
-4.9628256681433083
4.9339811213048836
-34.071883573436629
5.1747236914984311
-8.2879734076619069
-5.5980251875726337
4.4704428999649064
1.8219557606642316
-15.391376628654509
-0.46855696206061898
-2.8637827943512715
6.9773346114069037
-9.8603592812848113
-22.007693171954617
-0.80932285233042467
3.934231466783408
-12.220009205618517
1.3008837074933928
-5.6937240692213278
-5.6937240692213278
3.9033175896539323
-5.5402741202924322
4.3735651765022592
-5.2194759614017361
0.93225457684839885
-7.7825303212677532
5.1747236914984311
-3.1800885017852933
-3.1800885017852933
5.1747236914984311
-5.3109150220730283
1.8740925343635915
-9.4310669899841582
-3.3904923124087301
-1.9792884174317251
-3.6313210375056828
-2.7682402652191751
4.9207606058357278
-5.7324351854288382
-1.1594697868572361
-10.99293010180822
4.9063538314862152
-6.0468698892159036
21.212047275840867
2.1627182819542208
3.5839193360921926
-4.6002883398130416
-8.2640834992338768
-5.210884014974595
-6.8789439988362222
1.1793584665531527
-3.7743086657811635
-5.0330267527486763
4.7487486595244217
-8.9445768459507526
-9.2981759697597965
-3.4677662536915101
-5.6863012573314373
-4.8271828675760879
-3.1800885017852933
-3.1800885017852933
-3.4541469886234042
7.2830697290701911
-0.3103529838825887
9.590913240478482
-8.5962747114821845
-2.4094508915556756
-4.5278596126029607
-1.5130310928059278
-2.2365405282446282
-2.1795130560178011
-1.1115593499374266
-3.5835757347528734
-12.095566948167257
-3.5473033182771498
-0.70334732743352324
-3.1800885017852933
4.082786624166995
-15.839127905279877
-4.1612730701080132
-3.1800885017852933
5.4144742980687752
2.8637008467562612
4.5664712328695147
-1.797738291638987
-10.816488076788746
-1.9376065688725401
-6.3794041842642013
-30.646999136065521
-10.091045372229789
-3.5391459132790115
-5.7580199940717023
3.8443785851209142
-4.056945097934185
-4.5870523810942849
-6.3606952866089612
-7.2712996362049864
-3.646130437286573
6.0068348215949721
-8.4185691778908485
-3.2417659500578715
5.1098700690943666
-5.6002614272290874
-3.5643369359567796
-2.5760418596086105
4.2669599455408198
7.9137531593145276
-4.3791976658531286
-4.1138663528427193
-6.6662250763307656
-6.6662250763307656
-8.1109759328856263
-3.8765078498257113
5.712254693474228
-3.2360026159095585
-6.8789439988362222
1.1793584665531527
0.33040276547502945
-4.9628256681433083
4.9339811213048836
-3.1800885017852933
-3.1800885017852933
0.35136763773261315
1.8958868262084192
-6.7729240259090995
-7.0348461143644228
-4.0804514696406722
-3.1800885017852933
4.0455645363864656
5.1098700690943666
-5.6002614272290874
-3.5643369359567796
-2.5760418596086105
4.2669599455408198
7.9137531593145276
-4.3791976658531286
-4.1138663528427193
-6.6662250763307656
-6.6662250763307656
-8.1109759328856263
-3.8765078498257113
5.712254693474228
-3.2360026159095585
3.5323600653243505
-4.0572206257673198
-7.567212276977239
-6.6707153939529862
3.9760289426993269
4.9599232152264365
-0.29169466172319891
-10.174137594467684
1.5846310044667034
-3.8594793673103895
5.1747236914984311
-3.9499675311308611
-6.8939178807538335
-27.142009514538199
-25.76644870652532
-4.4978475252067547
-4.3027827446424407
4.0455645363864656
-10.868876574107913
-2.0144277902885026
-4.0562263216843846
-1.8413301516947826
1.3534580107733905
-8.0783923864747837
1.2759167521077168
0.023787105750104641
4.2792417937305087
-1.3133067364645874
3.4624086766314774
-5.6327784748141854
-1.6271853003463042
-6.5064076294029123
-27.089770072631794
0.39638733384479974
-4.2176396475162639
2.8679666253215688
-1.7705016010141508
-7.0780066841493587
-0.61826294196211873
4.8561562302107086
-3.2895965025199931
-2.8569738863954899
1.0332926208562179
-7.8536670383681697
0.045416880185474094
-3.2882729739418353
-8.1459724979477457
11.787117738814381
-3.9407890890472168
4.3024847322681872
-4.5565772162285212
-3.1800885017852933
-10.518874386550449
-4.9271944359540125
3.3775782457449144
-6.3085309985149216
-5.1219410745383485
3.6090838949561754
-4.5712884075173159
-6.9180847269447447
6.0629361041332999
-6.1934740888116666
-1.9694033810625544
-15.728798337061711
5.1747236914984311
-5.2440310300332262
-3.1800885017852933
-5.0098587900717844
-3.4395377633714093
-6.8789439988362222
1.3534580107733905
-6.8789439988362222
-10.135385287513827
-2.5344692546592875
-6.3520269305987824
-9.3495723215918041
-7.1443589016793183
1.1793584665531527
-2.0173364401985689
7.9329294648196216
5.3421726328080767
-10.188257050471725
-3.3951326615880819
-3.3951326615880819
-10.193403876464719
-13.375392554509318
-1.6566257103606874
-7.8597922474235427
5.7955943048071719
-5.0288767909580656
-3.356303490837008
-4.0944246324664055
-8.1970654447540738
-3.917589984819331
-7.0713298394338668
-9.904374430743724
-4.7325072899811227
-4.5231860223344036
-0.74374005963908474
0.25120743463523942
3.2234082644166748
-2.6549278261570337
-6.0485634771451622
-16.825249527973586
-3.177318199406868
-8.0221953161033426
-2.2037416260307947
-2.5408952792847628
-2.9806160279353962
-15.983203947517191
-5.8333735612581137
-8.1539549091562069
-6.0839509618831711
-8.3613536884747734
-3.5550081708707859
-4.0396707008255675
4.8638986187181805
-6.1584476958398202
-13.630042428205007
-9.2476913686829274
-5.0420387736655377
-3.7274859119451511
5.6714910906700773
-1.5456592213777922
6.2225167907073882
-4.6902417557545055
3.1120388532467471
-5.4212672614419812
-3.1990274731338126
-6.8789439988362222
1.1793584665531527
-3.0708813327699724
-2.8528436334816365
-0.1568785341245445
-0.43140422656465799
-2.3121011277072738
5.695424421351718
-7.2461058211377578
0.91161072627838857
-2.28032312866873
-3.3675528611085235
1.1793584665531527
-6.8789439988362222
1.8740925343635915
-9.4310669899841582
-3.3904923124087301
-1.9792884174317251
-2.5344692546592875
-10.135385287513827
-4.2782219980661527
-6.6393922074082008
-16.318005026387745
-5.8265332389986435
4.9481735420736177
-4.5749418573633429
3.446773321981107
-5.8597224095166078
2.5284669949976126
2.8794284428315993
-3.9098238036584592
-3.1800885017852933
-3.3675528611085235
-10.135385287513827
-2.5344692546592875
0.66926783767711606
6.1373006993670529
1.5148828832126844
-4.6338714303321469
-39.537400737916158
1.3481829078670162
4.1416521128058061
-4.1033171612497199
-6.4548926989090551
-3.1800885017852933
4.0455645363864656
-6.8789439988362222
1.1793584665531527
-6.3794041842642013
-12.220009205618517
1.3008837074933928
-5.6937240692213278
-5.6937240692213278
3.9033175896539323
-3.0708813327699724
-2.8528436334816365
-0.1568785341245445
-0.43140422656465799
-2.3121011277072738
5.695424421351718
-7.2461058211377578
0.91161072627838857
-2.28032312866873
-3.292712854088629
-5.6079613535544244
-2.7885472268128688
-3.4833947901216633
-7.2437847101234416
-10.518874386550449
4.4061765398863786
5.3163614736940046
-5.63345994458418
-4.5133213122027795
-9.0374952117614757
3.5657224367898088
-2.5386045434453703
-7.4089561219028877
-5.1448604492371643
-6.8789439988362222
1.1793584665531527
-3.8297209969702211
-4.3182800307604046
4.4392857404668904
1.7241786356719335
5.1098700690943666
-5.6002614272290874
-3.5643369359567796
-2.5760418596086105
4.2669599455408198
7.9137531593145276
-4.3791976658531286
-4.1138663528427193
-6.6662250763307656
-6.6662250763307656
-8.1109759328856263
-3.8765078498257113
5.712254693474228
-3.2360026159095585
-3.6319491836566833
-1.930904253738986
4.8539798013867319
-10.643496988839678
1.0039794930224595
0.49375170923315703
4.3024847322681872
-3.1800885017852933
-5.5003541210101758
-3.8136657247323811
0.19405623201702552
-3.8400880950606613
1.3618249100986428
-0.060718123833344385
-3.4310903428960895
-13.577747029207101
0.92882057588989198
-2.7674013600185883
-10.00641169810584
-2.1200203265620794
0.64582451781134609
1.4546695430683154
1.4546695430683154
-2.3900888974163523
-9.3495723215918041
-0.11493215690964212
4.8717173975434189
8.0387103723221607
-0.25793260313857769
6.785468093863039
-3.4541469886234042
7.2830697290701911
-0.3103529838825887
9.590913240478482
-8.5962747114821845
-2.4094508915556756
-4.5278596126029607
-1.5130310928059278
-2.2365405282446282
-2.1795130560178011
-1.1115593499374266
-3.5835757347528734
-12.095566948167257
-3.5473033182771498
-0.70334732743352324
2.8542673954770033
-9.3495723215918041
-3.1800885017852933
-6.2952569965676464
-9.3605984467411218
5.8693000680555167
-1.9522398672780128
-5.012784855376081
-3.9887465153684416
-6.1412267738454727
5.3089359379997614
-8.4105839512309082
-1.9745419365892223
-4.6133077372014304
6.3561447686884156
-2.3264120917902735
-3.0825356303705056
-0.15421929068743792
-1.4525921211545787
8.0033923739964816
-8.7971357128044847
-4.0071552756358324
-9.3495723215918041
-2.166789195120435
6.3319609598444702
-1.1009671945595889
5.2175353363181198
-3.3899342696276249
-2.9865346123516163
-5.4918911097941372
3.4106482025479545
0.61407732080728128
-10.54843940627253
-3.6329194669691822
-6.8447381764365707
1.6781047890081611
1.6781047890081611
-3.9434375804602197
-7.779257643464617
4.6779501602862315
-0.011679211205628794
-0.34959217339154136
-3.1800885017852933
2.8815016181102253
3.2932425008763326
-3.8547269563678417
-3.0132006345366689
-14.055406401333771
-3.3675528611085235
-1.4353255113015513
-6.8789439988362222
-3.9434375804602197
-7.779257643464617
4.6779501602862315
-3.1800885017852933
-10.518874386550449
5.1747236914984311
5.1747236914984311
-1.797738291638987
-10.816488076788746
-1.9376065688725401
-3.3937096473300494
5.1747236914984311
6.2049678781577668
-9.378723555623159
-3.1800885017852933
2.7127674359564322
5.4162323814203059
-5.0265428154398082
-6.1378764757728597
-4.8110709281040513
-5.888052868038435
-9.187324934281456
-5.0877523401179143
-5.2401254010428557
3.6038923259269389
2.9374451111421154
-5.6772176615503556
-8.3888814771768576
4.9165853556365553
5.1098700690943666
-5.6002614272290874
-3.5643369359567796
-2.5760418596086105
4.2669599455408198
7.9137531593145276
-4.3791976658531286
-4.1138663528427193
-6.6662250763307656
-6.6662250763307656
-8.1109759328856263
-3.8765078498257113
5.712254693474228
-3.2360026159095585
-7.5435249383467937
-7.5923877820372034
7.5256745031047227
-6.4438694822212055
-20.894443596570522
5.3303253542559528
5.8814009350677283
-2.7154219648132565
-3.8144669562718985
-3.938726912550421
-1.7507539470432587
4.3061623571443057
-9.5380873344907364
-4.801263071261106
-1.8538888891761265
3.8658383666572536
4.6580492057199852
-6.8789439988362222
1.1793584665531527
-6.0304303844935205
-4.5911548843938572
-5.0265428154398082
-6.1378764757728597
-4.8110709281040513
-5.888052868038435
-9.187324934281456
-5.0877523401179143
-5.2401254010428557
3.6038923259269389
2.9374451111421154
-5.6772176615503556
-8.3888814771768576
4.9165853556365553
-3.6319491836566833
0.33040276547502945
-4.9628256681433083
4.9339811213048836
-6.7373854833784224
5.0836112622277403
-2.2485834521710757
-3.4313623231225749
5.7283689120142576
-7.0348461143644228
4.6325638556546664
-2.7628933447744228
-6.8789439988362222
5.0552408738748813
0.57297911035137694
-10.773324718680994
1.3449808945477513
-4.0630993089432588
-10.964152390131828
-4.1088886697206499
3.3281803795889457
4.1037321210894948
-3.1404376039600028
7.4405015125683631
5.4489523081177635
-1.5945437436048342
7.0724087445774311
7.0724087445774311
-1.0763570956346407
6.2424887744783293
-8.9580119791948079
-5.2073544194588823
-3.5806888899369556
-7.7264546050402521
-2.2013235741899058
-3.7967352717378726
-1.3029784359618188
6.3038445175447801
-4.5108091592503197
-2.7846422018785275
5.0499724504797321
-8.1459724979477457
-3.4395377633714093
-3.3675528611085235
-9.0888087036155429
-32.399866442803692
-5.2456570786556274
5.0431951233051908
-3.426226860440273
-3.785086610341684
-9.3495723215918041
0.53274508039733359
7.523799385902362
-4.5911548843938572
7.3427783270315556
0.2644601526366368
8.3309612722495032
-9.0732623506281094
-2.3028616171997207
-3.0660568534495387
-3.9068743236210022
-1.6762052727789993
-2.5511214864077041
-0.80240182636859203
-1.1717877527176925
-1.7602361894091862
-11.554518345034234
-0.38772475601975487
-2.0222410019234243
-3.2417659500578715
3.8503986533256951
-3.1800885017852933
-3.1800885017852933
-3.6319491836566833
-0.74374005963908474
0.25120743463523942
3.2234082644166748
-2.6549278261570337
-6.0485634771451622
-16.825249527973586
-2.492742600119819
-1.5286549074509037
-2.7310554325568517
-3.2538293179340889
-6.6871461933301957
-3.8777091408785727
-2.8699463842593054
-5.0968183905253284
-4.4283487463777815
-3.7551503892535831
-3.1800885017852933
5.9495972057689031
-8.240253172436816
-4.9916570149188875
-2.4206995137002845
-3.2824644811116155
6.9386618054038989
-0.47813598096736259
-3.0169790890514627
-34.071883573436629
-0.48103939548769237
7.1832690131672834
-0.3103529838825887
-4.3800348294018923
8.6563160005036206
-8.5962747114821845
-3.253266277824193
-4.6331944402306426
-2.4349201084049894
-2.4782378294586391
-2.1274996079590287
-1.1695946246221849
-4.3266363187072949
-10.759706320705558
-2.755715263989186
-0.75501942098844632
-6.8789439988362222
1.1793584665531527
7.9329294648196216
-2.0173364401985689
-3.3675528611085235
-2.9865346123516163
-5.4918911097941372
3.4106482025479545
0.61407732080728128
-10.54843940627253
-3.6329194669691822
-3.1800885017852933
-3.1800885017852933
-10.200421683366145
1.1922134131500157
2.7781401008525806
-8.4529229118105675
4.8556111215450102
-3.7180266913385207
-3.7180266913385207
-1.6506865816950138
2.5263291938412742
4.670253420217672
-6.6426381370311454
1.4843436092430269
-5.8936373841837462
-2.3726158558419317
0.73645706801405897
1.5471976424236047
4.6697831851262368
4.504686464057901
0.55739680863930829
-3.1800885017852933
0.33040276547502945
-4.9628256681433083
4.9339811213048836
-3.338958996605272
-3.5854606883566058
-11.161658502073617
-2.5666590632060062
-2.6022993236326544
-3.4958037885362767
-5.8009313678666246
5.8895688573965668
-0.19610420152998723
0.2146268295819892
1.9192926511576669
-4.1029015957028196
-3.238933723319573
1.5537800288975665
-10.268820335441664