-1.6769583033621973
-0.61893009767972318
-4.5360195618219752
5.5692785609257296
2.5933136383882953
-3.4608954192786028
0.48757059289429405
-7.205420665573909
4.0208872060690988
-4.321239279852378
-4.321239279852378
-4.7740415919964336
1.6645660035833159
1.6645660035833159
-0.90048468255331104
0.47860694710384133
-4.7740415919964336
-1.7822110499211443
-4.2613129951627036
10.62273329687393
2.1916058399544172
-0.042258756722866726
5.3245636753785028
-1.4965349460645927
-1.6902172715079626
2.4343255055976027
0.62846520564976949
-2.0217122698930354
-4.7740415919964336
-3.1721851125745086
1.4504885526907338
8.6920549339538837
-2.7510760041689655
9.1886434754977415
-1.7554169765701551
0.74285279589468745
0.63643685751594015
-35.246345524736036
9.4910157904442691
3.5964639124482605
-5.3998817585255701
0.86208395604166721
8.6180490961346976
9.8188238863753163
0.98369031265905893
-1.2816840207408422
-4.2613129951627036
-3.6749493568801603
0.14113726739334764
6.9375086737999716
0.65007372778334505
11.759558684267533
-4.1656559419971284
1.6645660035833159
7.9706848142022215
-1.7098286455964267
5.014344686044498
7.9426130200830851
-5.5941563793640849
-4.4902869962015517
6.1556180836543071
10.094802345808862
-3.661213800178877
3.9584589919082305
-4.7385517004279336
-4.2749498654301075
6.9098566588878523
5.9629691720813964
0.63643685751594015
-7.3069803017021435
9.3184931430738711
-35.246345524736036
0.63643685751594015
0.86669037235954649
1.7828914801554181
0.47860694710384133
-0.45722771433694137
-5.0003901062325475
-4.2749498654301075
-4.7669290023324642
0.57692071324875249
10.809959360554258
-4.279213296760279
-34.085192724796393
-1.6602464587527015
1.4777605850874806
-2.2711710662216151
-1.3569061701718383
-2.2099650531206696
-1.4965349460645927
0.22699711372690307
0.37502126670645969
-1.6258490038674813
-4.4838859320515612
12.150217235852208
2.2740759584006174
-0.93593607661371991
-7.5980293163859747
10.884128621477741
-4.7740415919964336
14.24129740325894
3.0895634335296873
3.5269987586911244
-0.74003678934406936
-2.014150204538216
5.4801126569067105
4.0256086822409936
-3.4608954192786028
-2.4972017757139171
0.47860694710384133
-4.1520190717297227
-0.27469150094099881
0.33974116102925522
1.7548457403802689
-4.321239279852378
4.0208872060690988
-2.2446777588464073
-4.4668039003139208
0.47860694710384133
-0.45428499609150019
-1.7965087783861116
-4.4890038030316646
-0.91546143261112212
1.5635890487784632
10.749803909165728
0.55171324814500033
-1.8736936493823362
-10.812371803335601
-4.7740415919964336
-10.812371803335601
-1.5748973183233275
-1.7906079488539466
15.524084866844905
-3.0311529544179541
5.9385595263695041
2.7108216990644372
-4.9662425082968982
1.6719207902985631
3.1203896087028307
-0.87746238528589016
-5.6040463823839328
6.1492706298987176
5.7406651828028386
-4.2749498654301075
-2.6086361774931426
-4.2749498654301075
0.63643685751594015
-4.2749498654301075
-1.6207376541159995
-2.1824693230523966
0.84315286254905586
10.594910125218707
0.57119253470387643
-4.2749498654301075
8.5041256685185083
12.740384440075768
0.89384364049070431
8.3662518912477317
-0.98898129453552241
-1.5369114992729789
2.1437750301569389
5.3990164517814474
-4.7740415919964336
1.6159401649147447
6.9639460812333276
8.5252536420928102
-0.30651106720992133
2.1116996818986205
-0.49298653810339449
3.3306031514940333
-4.5750749674486517
3.04864117042756
4.929383802475094
0.80316508835996636
-4.1656559419971284
-0.42854558105662005
2.3695010591840093
7.9332989949247787
4.9527793243893683
3.4859520623950337
5.9524275763590202
-0.43479690191669923
-0.68491510972925607
10.448344007474692
-0.89285386775622655
-7.783473544030711
4.0842267574815896
-4.7740415919964336
9.7547754490137386
-4.321239279852378
4.0208872060690988
-2.866843863935558
-34.262051203399643
0.63643685751594015
-3.0303664285946459
-0.62196413048172838
6.5280437798795985
-4.7740415919964336
10.813205974532845
-1.6192914171752737
-4.7740415919964336
-1.6902172715079626
-2.4342479147900988
10.679433176890834
7.7412323155411187
-2.6420578113128026
0.46497007683643632
10.679433176890834
-1.3608069187976719
8.1846665107035061
-4.7740415919964336