3.1113209273752584
-0.83010064765355451
12.515794643446323
-8.1158282798859478
-11.808142524578049
-5.9746330709683813
-7.8283619231971873
-9.41533389214168
3.9170755480489845
-7.1106485353366473
-8.686617286232142
4.8242257073928529
3.1743856202460714
-4.7600676453334021
5.8914347704830101
-5.6326666765604703
-2.261641074734233
-5.3641955133141224
-7.9335637297680499
-8.1651924541680057
-4.3413938203215166
7.5859981042407458
0.29291564114020707
0.29291564114020707
-7.2772182376624848
-4.6288297741188904
5.1248777316186871
3.262469319671379
-1.0984785364080429
-4.9677250830114561
-5.3297076640995007
-4.1897495743015529
-1.6323906509821628
4.0071775571915236
-2.3226641442597877
6.8044503680140096
-5.7361423402683851
-2.5416891403428878
-4.1637258945053857
-8.3767395784271415
6.8504423888098067
0.054288860002435019
-4.6801172113106659
6.0392766624964773
-4.2443762594831203
-3.1299984624276296
5.3946508564335796
1.1021476791308771
-2.11726683940143
0.40162728597864511
4.7473850399292683
0.26318665233985761
-0.83010064765355451
5.4268678976210625
-2.6453789365002032
-5.9207451535753641
5.1899564062497401
-1.5027917345021717
0.48650607668377982
4.385820514982842
7.0946701360946589
-2.6530849681943112
4.265082439142339
-6.4765084400435713
4.0545067086475823
-6.9692431952328278
-1.1141464604676745
-1.3150866983132148
0.5714665385555987
-3.8716296939548971
5.3133795650727231
-4.0241765148699535
-10.374216564073569
-2.5671454582153155
3.1703906911749788
5.0960800982544807
-2.3748121209085569
-1.5184108359010213
3.6675731904520701
-8.0695723785574121
-4.1174397884279106
5.9381259860750966
5.9381259860750966
-1.3682199211160959
-1.9383552615413553
-0.83010064765355451
3.8953330106488386
-3.9023769144624887
-6.6417735492250731
-8.0340015117860375
-0.073869497724967592
-4.8240568647309843
-1.1329685651585211
-5.4447883111588329
-9.1961108763500281
-0.073869497724967592
-2.7999218687642737
-7.7277901650862812
1.7528102635303113
-5.0906540696788216
0.28435660083131103
8.9333728022510321
0.26318665233985761
-0.83010064765355451
3.6504429580154976
-27.980611906984283
-2.1763791188918851
-2.1763791188918851
-1.0984785364080429
-1.4327547175632662
-0.41273591465640797
-6.1375431010779087
-1.9057201121070824
-3.4446179694266092
-6.1521460979158498
1.1715176475723226
6.8247033899866825
-3.1925158436138741
5.7290909320476437
-2.2541094325571884
9.4032267772376716
-7.003147272242547
7.5130200490800449
-1.4134749055510036
-1.9076163157827912
-3.7496421390819679
6.8869036899721028
-3.481153524431523
-2.0373582930328173
-1.7170778645846485
-1.4863206099325041
-7.1123373142451669
-3.7750346381961406
-5.2342537552409016
-2.2736660411753826
-4.0185160767154962
-5.8266734749617095
7.5941883032466935
-1.9138381984211401
-7.8756562974727542
-3.716763865855286
-3.3767170769044657
-2.77400388094927
7.1093846889698469
6.6591854048871362
-2.1336394551536131
-5.4198460381190907
-2.3118391457160938
-1.4184245545725376
-3.6591682933296168
-2.7750693208227299
-1.009680917711359
-6.0679972600236454
-4.6509747986322267
-3.5532671604398844
-5.699484242280807
-3.779288919947613
-2.8139584714780415
-1.8994627512679472
-1.9236247531168862
-5.4979528132326694
8.5736561980121291
-4.2893451590793426
-3.9975792846922302
-1.9798916603648626
7.4459052754057256
1.4593119382777913
0.64982448088880929
-4.6339499625596705
-7.9937036363563649
-1.6785423675535063
-1.6577826605423642
-2.0622921126785192
-3.2984960014331266
-6.9404624280730189
-5.9845951133380453
-2.0576854096916906
5.4323326030339443
-7.5031925333220864
0.015459082817829362
7.225593242001378
-2.0678190463271644
1.9165182129044958
-7.5162360366382597
0.29858742567154606
-7.2997167425080614
0.81520763633884719
-1.8716474686175837
-3.4024442641666734
-1.3957169653438966
-5.9500940456666713
-1.7983177686890928
-2.0450489604541997
-7.1039547044428426
1.1329330973324654
6.8247033899866825
-4.2569059066832384
5.7290909320476437
-1.9889520435376287
6.9475784660420903
-7.1375598527908775
7.3185251098830282
-2.2880104955422556
-4.8934807429468501
-4.1188558752877533
10.024428432824427
-2.2727798195080768
-3.5559881116961107
-1.4083349395693618
-1.622852580567075
-7.3633312798742105
-3.7750346381961406
-5.3165909627355878
-1.7246911574914774
-3.2498343642400171
-6.0773000192939861
7.6387807518731901
-1.8806434384664941
-7.1484486052516427
-5.3446778109632405
-4.0099566012964907
-3.4072960206786802
5.4142187441943763
6.5226534342525646
-3.5136914075065966
-5.2255734130399851
-3.8692102135142639
-2.4277730015414449
-4.1031245192179142
-3.0680615764537698
-0.93956414355542806
-5.8240275752111392
-5.0211823573142311
-3.0381534096188263
-5.5729777768942537
-4.4651539152584414
-4.3611732328552009
-2.4139721773211607
-3.6209548684115784
-3.2039287566656802
7.8525037732552088
-4.2435401865824085
-3.618915354499237
-1.9044001341699948
7.0163698375715651
1.1021476791308771
11.621626142031271
3.0444294032221779
-5.4208909025075691
0.60964788979920626
-5.7930237910672178
-10.124918876321734
-7.7777683486601337
-6.4316892857752475
-7.7565731978981542
0.13090834963537198
2.106436373920737
-5.5513298002187907
-4.4434622928031864
-2.2832051169214806
-2.6453789365002032
-2.6453789365002032
-9.4081289465522016
2.2033504042767387
3.4574819368590881
-9.268384009029635
-6.6273400977445958
5.7551105550798543
-2.7525586344367099
-2.7525586344367099
3.1113209273752584
-0.83010064765355451
12.515794643446323
-1.2327175190557031
0.89197457796566837
-3.6558968569284791
-2.3907275838140829
1.7296458311312317
-0.68266905592190874
2.5564172020694058
-29.260969078136476
-3.9214963258062094
4.0545067086475823
-6.9692431952328278
-1.1141464604676745
-2.9276809478823975
-5.4500667933973155
-6.5270429058833095
4.7104302285500612
-4.6190575424091573
-2.4396695544617049
-2.5906542879076131
-4.7124280910557887
-7.1056133550295462
5.3557958645801946
-3.8585225364258959
0.046663244683354949
-0.65618733346563263
3.834307099532011
-9.2140075562944794
-7.4438406642889934
-6.8122574324171898
-0.64626406668299563
1.0348932822216914
0.6716838254924794
-7.2048073161286874
2.3205254544262268
-9.0199822071557865
-1.1601558387114268
7.5017794333263792
-8.2235280862248104
-2.5673829753068289
-5.1866738902622478
0.26318665233985761
-8.2254953602103171
3.317534923311543
1.2110339713900706
-6.6915126389803525
-0.87881475943329035
-16.631680313350845
-0.83010064765355451
-4.3375633828796163
-4.7091630182607114
-0.9256388175997361
-6.366476494546764
-4.4632800243526232
-5.3943109637997635
1.4366553786298748
-5.8103630876665342
-7.1610728843318459
-2.6453789365002032
-2.6453789365002032
4.0545067086475823
-6.9692431952328278
-1.1141464604676745
4.354789441304681
3.0422893729388916
4.8870982829823797
-2.797029519116911
-8.0813471913172492
2.5170313872163645
4.1585396438124516
-1.3355480017626336
-9.4205139465238261
-3.396304694152831
-2.6453789365002032
3.9568863242093504
-3.597532443386215
-8.1385809686588626
3.3574827559293401
9.0610071794516625
-10.871363649409574
1.8202434143540698
-4.6956821940382172
-4.6956821940382172
4.6859317616528608
-5.8504551349462481
-3.2322536960594555
-4.4674879426577307
-5.9075932334117045
-4.301469535877283
-9.6542818286603307
1.9638213219417902
-9.2900604589169635
-7.7530442216548492
-29.260969078136476
5.4268678976210625
-2.6453789365002032
-5.0722148228777879
-0.75288569532423444
2.2399089753208399
-2.4605009113266347
0.063976546754928032
8.0378525107325292
-3.433938052624959
1.4499593007663085
-9.590061266477381
-2.0645722789260015
-6.2629867899783758
3.2702066562896395
0.63435822171456535
-4.3189755442467757
4.7673683308950086
2.6947310494802572
5.1427525099234961
-4.3612715910199746
-5.9337289748703803
-4.477797210911433
-0.83010064765355451
0.26318665233985761
-9.7550107944256599
2.8783120802790396
-5.4467359374979054
-5.8628124755674351
-6.3237036388983103
-5.8611134420865412
-2.6453789365002032
-2.6453789365002032
5.4268678976210625
-2.6453789365002032
-9.6056343596030302
4.5559095781071086
-3.6606751466638143
-3.510110038902678
-3.1800201529189938
10.108786160823676
-6.4308402831332119
-0.8228637910301857
0.99706009973741672
-3.4024442641666734
-1.0648810404342453
-7.5891579524975521
-2.4146676012652231
-3.3521424821569052
-7.1541477569401852
1.1329330973324654
8.7248655533017505
-4.1033587792548847
6.0421248371014178
-1.9889520435376287
7.3313420466348749
-7.5030422971340824
7.3185251098830282
-2.60804546051093
-4.8934807429468501
-4.1188558752877533
10.024428432824427
-3.5757461109823652
-3.2565955347157471
-1.5157372829873514
-1.622852580567075
-7.3633312798742105
-3.7750346381961406
-5.2342537552409016
-3.4198313799523827
-3.8789267752513701
-5.8592252295564577
9.5015166382049721
-1.7947385604737847
-7.160979396380255
-3.3676154728741894
-4.4263221301420357
-3.4072960206786802
6.798157226493454
8.7582473401578049
-3.2830956455340217
-5.1082911975636964
-3.8692102135142639
-0.71997774788594404
-3.7469506814347997
-1.550743086763823
-1.6309059794472083
-6.097827507285503
-3.869848517027644
-3.0026004798915285
-5.5729777768942537
-3.1912864790588049
-4.3611732328552009
-2.2026393098442067
-3.45133667091017
-3.6106267403370715
8.5736561980121291
-3.544610736318611
-3.5152064698192391
-3.4675582116408461
7.0754784424234689
-3.0470798315967764
-6.2704867195015828
-7.0757071382795855
1.9594170456203375
-8.831595224577514
-7.7887788750630369
-3.9470500921469669
5.805637125417789
-4.9276875508382734
-0.26284277728900579
7.7527976302402104
-8.1158282798859478
-4.8562535464916445
0.54153218942766868
-5.2794037847416408
2.1177235457750649
-8.8499812393707753
8.6542636858817801
-3.6503729026067351
-1.7932341932428395
-2.4702440042944831
-6.1987314266458098
7.2357840582472512
-6.1523796901038592
-5.3974672021892918
-4.0617882610635059
-8.0659139636894857
-8.0659139636894857
-6.902952490223714
-5.4012429932248871
0.75271866172791679
0.88686963943623565
4.0545067086475823
-6.9692431952328278
-1.1141464604676745
-0.83010064765355451
0.26318665233985761
-2.6453789365002032
-2.6453789365002032
0.1303740368018059
1.3565160121469542
8.6542636858817801
-3.6503729026067351
-1.7932341932428395
-2.4702440042944831
-6.1987314266458098
7.2357840582472512
-6.1523796901038592
-5.3974672021892918
-4.0617882610635059
-8.0659139636894857
-8.0659139636894857
-6.902952490223714
-5.4012429932248871
0.75271866172791679
5.6744963700615525
4.4755586621159358
-0.83010064765355451
7.4751891004776656
-4.2663520187480142
2.4956204425202428
1.9726299763757393
-9.3266679258515577
-2.1603888835907528
-7.0437085623340696
-2.7916613021196151
5.4268678976210625
-8.8257406108931455
2.9031435673351962
-5.0777071518548533
-5.9479349516713667
-8.800643695161499
-7.6763013839892942
10.84699995207313
-4.0458664298609621
-4.9676868462923798
-3.1421188427164339
0.13667718395926359
1.6526160187372321
-3.6606751466638143
-4.6880346120634311
-1.3369132665468026
-2.3830927297710973
-7.2809406392109732
5.4219095511773325
-2.5591057192030062
4.0859693934541115
-6.3935182777936834
-4.8496129979777765
-5.4295517079825562
-5.4295517079825562
3.3091326105024903
-4.0998681563355097
-0.1725686873812998
0.13421885590404342
-4.7215202273466526
-9.4743282511704781
2.2128910094465035
-2.2979265189265052
-1.4401515528218645
0.26318665233985761
-5.4956594990899683
-8.5351222270186735
-10.056346886051843
-5.7502078730521289
0.094845814550235538
-6.7402590130124356
-6.0073638786720691
1.2614461654283582
-7.2579072931023543
2.997023818158207
-7.8222511745548875
-5.3559715505449477
-4.4823344839000834
2.9205747445875136
-8.0251993856194233
-4.2367998775835565
-7.8964820239559081
1.4421816780516972
2.2192468061450765
0.33246650503401559
-1.1387534701200719
-0.47326106808151391
-4.6943657236928091
-0.70281187755003838
10.767381516968149
-0.83010064765355451
0.17715400411850402
0.26318665233985761
-0.83010064765355451
-2.6453789365002032
3.9568863242093504
-1.7932679442260351
-0.1951304167976067
-5.4208909025075691
-4.1704745117171083
12.301391776313173
-0.26284277728900579
7.7527976302402104
-9.4905324474210797
-0.83010064765355451
-0.83010064765355451
-4.8562535464916445
-5.1935132206782813
-1.9399237496174473
-5.2126728027798892
3.9629702067798607
-5.5627525383536813
-4.0569978965123843
-3.9933762312064136
-2.8437837204254817
-8.8005985813751568
-5.5534130595656856
-5.7290051673497517
-5.9207451535753641
2.6987063748292415
-0.83010064765355451
-4.3375633828796163
-4.5277812432860243
-1.5755096608968255
-5.581848989643678
-6.3654201950328693
-5.7399674150530293
-7.4766515939880733
0.319101273851159
-5.9383179135679942
-4.1611076903787483
-10.714870704835242
-7.8880593578485332
-5.0247963787224048
-5.0856650656090405
-3.0408860854269153
9.8770476825275324
-2.234927497940066
-7.0928211775162913
3.7538641113151479
-3.1965923755726555
3.4797864414676338
-2.4698321831859644
-2.5362775707078344
-5.3559844277507871
-8.1158282798859478
-4.8562535464916445
1.4593119382777913
0.64982448088880929
-4.6339499625596705
-7.9937036363563649
-1.077445383012031
-7.4314649283695875
-6.7190001727464788
-7.4260031096485637
0.89463013493060961
-6.2532451922116961
-6.2182135134294523
-6.1412127130452019
-2.155443590630437
0.055074598702376909
-0.9056320886654432
-0.22586001244212311
-3.477501467676714
-6.5211690551319164
-0.59603737554518077
-6.1021721267384157
-3.9001346318885295
-0.9893634185318364
0.5714665385555987
1.3169811049286746
-7.9937036363563649
0.26318665233985761
10.108786160823676
-6.4308402831332119
-0.8228637910301857
0.99706009973741672
0.747192723623474
-4.5277812432860243
-5.661405395517499
-5.1666055278904572
7.2913854516990826
2.5804132674576854
-7.9071245527130216
2.0246683296777301
0.006655851035508825
-3.6925783177666451
2.2717595734918117
1.8913853035871915
0.55539546492633074
-5.3049138437626109
-9.4196646766850947
0.15839219844787261
4.3270115784282686
-3.8797887505053592
-6.3310503200562502
1.2034831163519344
-2.6453789365002032
3.9568863242093504
-0.83010064765355451
0.26318665233985761
-3.0470798315967764
-10.871363649409574
1.8202434143540698
-4.6956821940382172
-4.6956821940382172
0.60964788979920626
-8.4121608235220737
-3.9335984418308754
1.0896647356678248
-3.4642310575715696
-5.7197641734032185
-1.0886867022634761
-1.6093876583240305
-5.7413262987595237
-4.927787539729314
-2.9076855163815458
-7.5357842157596
-0.77899242419560233
6.7700978087412302
5.73140914424879
-3.0218013823325895
-3.7997111661480196
-2.1457319280280469
-2.2840146195523023
-2.7876120126282276
-0.83010064765355451
0.26318665233985761
-7.4314649283695875
-6.7190001727464788
-7.4260031096485637
0.89463013493060961
-6.2532451922116961
-6.2182135134294523
-6.1412127130452019
-2.155443590630437
0.055074598702376909
-0.9056320886654432
-0.22586001244212311
-3.477501467676714
-6.5211690551319164
-0.59603737554518077
-6.1021721267384157
-3.9001346318885295
-0.9893634185318364
-5.3379337543250847
4.0080027117455659
-7.9229624853032412
-10.383875594335532
1.6167772694903009
8.6542636858817801
-3.6503729026067351
-1.7932341932428395
-2.4702440042944831
-6.1987314266458098
7.2357840582472512
-6.1523796901038592
-5.3974672021892918
-4.0617882610635059
-8.0659139636894857
-8.0659139636894857
-6.902952490223714
-5.4012429932248871
0.75271866172791679
0.4901406142283527
-0.30209751538232926
5.6153413446115357
0.26318665233985761
-10.121618546972124
-8.0906291095287362
0.36399469267893841
-5.4024601213911767
-0.71728152567860815
-1.799739383656658
-4.7987991503542826
-1.6544098009681001
-6.1539274475509727
4.6779505574351825
4.3793309638095259
2.8280884335915997
-2.4474252542487416
5.4166363427193618
-2.6453789365002032
-6.1432664578054403
4.8494325769499698
-1.3909625907860936
0.58191886582232299
3.2655705408261775
-3.9992172604963727
-2.6453789365002032
-3.2050214478067045
2.3181898154071225
2.7860042747205194
8.5315895669125847
8.5315895669125847
-2.6453789365002032
4.3706855122013124
-4.6291508891089084
-1.6916100175408564
-3.6862268262118061
-4.0238810857505802
2.5972491279055401
-4.4307736024684559
-2.6419923291827803
-6.1868366809067767
6.5724398309106649
-4.9819172422467082
-4.6474309604979904
-4.992406844497971
-2.4390729909252689
5.4734755274541902
-2.8566253107488859
-7.2760575557135931
-1.3991314629388907
-7.3138325709313667
-7.6759441477559873
1.1559427538150713
-6.880414422305674
-3.8114051322088351
5.8531929128769074
-5.7930237910672178
-10.124918876321734
-7.7777683486601337
-6.4316892857752475
-7.7565731978981542
0.13090834963537198
2.106436373920737
-5.5513298002187907
-4.4434622928031864
-2.2832051169214806
-9.6647091077146197
-1.1596103970330345
-1.1596103970330345
-2.1172202464304379
-7.5201261867425186
5.5149850589195628
-3.4024442641666734
-1.0648810404342453
-7.5891579524975521
-2.4146676012652231
-3.3521424821569052
-7.1541477569401852
1.1329330973324654
8.7248655533017505
-4.1033587792548847
6.0421248371014178
-1.9889520435376287
7.3313420466348749
-7.5030422971340824
7.3185251098830282
-2.60804546051093
-4.8934807429468501
-4.1188558752877533
10.024428432824427
-3.5757461109823652
-3.2565955347157471
-1.5157372829873514
-1.622852580567075
-7.3633312798742105
-3.7750346381961406
-5.2342537552409016
-3.4198313799523827
-3.8789267752513701
-5.8592252295564577
9.5015166382049721
-1.7947385604737847
-7.160979396380255
-3.3676154728741894
-4.4263221301420357
-3.4072960206786802
6.798157226493454
8.7582473401578049
-3.2830956455340217
-5.1082911975636964
-3.8692102135142639
-0.71997774788594404
-3.7469506814347997
-1.550743086763823
-1.6309059794472083
-6.097827507285503
-3.869848517027644
-3.0026004798915285
-5.5729777768942537
-3.1912864790588049
-4.3611732328552009
-2.2026393098442067
-3.45133667091017
-3.6106267403370715
8.5736561980121291
-3.544610736318611
-3.5152064698192391
-3.4675582116408461
7.0754784424234689
-9.4942507512117889
11.828528647660342
6.5842779667614399
0.73779963688334682
-4.9706309880175104
-7.8914078514910413
0.23743708190327512
-6.6773405522486859
-5.3108554565189197
-3.6693575253812978
1.1403290303744849
-11.808142524578049
-0.83010064765355451
-2.1172202464304379
-7.5201261867425186
5.5149850589195628
-2.6453789365002032
-4.5732849119475523
3.1232567932182707
3.1232567932182707
-11.360840408812955
-3.9335984418308754
4.3595462590724869
-1.5443552443529249
-3.1867918015115353
6.8970557597885396
-0.74500032106836533
-7.9071245527130216
-13.015876648822161
4.1547707432614205
-4.9677250830114561
-5.3297076640995007
-4.1897495743015529
-1.6323906509821628
4.0071775571915236
-2.3226641442597877
6.8044503680140096
-5.7361423402683851
-2.5416891403428878
-4.1637258945053857
-8.3767395784271415
6.8504423888098067
0.054288860002435019
-4.6801172113106659
6.0392766624964773
-4.2443762594831203
-3.1299984624276296
5.3946508564335796
8.6542636858817801
-3.6503729026067351
-1.7932341932428395
-2.4702440042944831
-6.1987314266458098
7.2357840582472512
-6.1523796901038592
-5.3974672021892918
-4.0617882610635059
-8.0659139636894857
-8.0659139636894857
-6.902952490223714
-5.4012429932248871
0.75271866172791679
0.54153218942766868
-5.2794037847416408
2.1177235457750649
-8.8499812393707753