-6.1243307566908358
2.2732486221805184
-6.1243307566908358
2.2732486221805184
-2.9322196254885928
-5.4453022117937131
-6.1765749998927832
-0.62013995328486038
-5.7848551368253549
-3.1080143423547328
-2.3395251901794536
-8.349315724385189
-8.7067708308227623
-5.1238132150378854
-8.8175940542945934
-4.345613853465248
-2.531519043920853
-3.6205002723017992
-7.2054204677494393
-4.5686235206141994
-6.4119226882866105
8.7400853725069663
-6.5134023220575639
-2.5675617681233764
-7.7984310272589985
-5.3644992269142318
-4.2466756948583537
-8.0009081697210647
-7.4117327095252223
-8.7067708308227623
5.7903683591945354
-6.7691247757308908
-8.4284545753227089
-6.1525079871370005
-6.2730159466098918
-1.2813855046929141
5.7309487370026746
-3.2814582979110329
7.4004618481144
-2.761412970763458
3.9040165982691666
-9.4284531410723353
-1.5122092902961184
-7.9072004675104166
-1.0876248334831926
-3.4101220511597883
7.4522759282988522
-0.96262633844254442
-8.9171494898223767
-6.1243307566908358
-6.1243307566908358
4.3177110656056259
-7.3211028154952382
2.0220618726329791
10.850312032732354
0.62368004511249775
-1.8418370292363708
-7.5783143052539712
3.2742769843477357
0.31580263243348805
-4.5615982493239509
3.2742769843477357
-0.9686171471943299
-7.4086556318053152
-2.9039384864247229
-0.56327984151976629
-2.7075427393219322
1.0696989824914493
2.2102970552982475
1.4987051595834986
-1.7357566657325592
-2.4097288996443917
-2.5199776894682611
-5.9547111381594346
9.6162945616764439
-2.3504334320196461
-2.838553244501171
-8.3819807699415012
-8.1417715616913569
-6.1243307566908358
2.2732486221805184
-4.7720471229600108
-4.699555870224807
-6.1243307566908358
-7.4151377019448104
-4.5615982493239509
2.7773097657393033
-9.0268459788808126
4.3674570718838144
-6.3638062620992741
-1.1395511547428845
3.5768501805915434
-7.83260368531871
8.530951412236309
-7.5709870365968825
0.80573062733479017
-2.9203565236117881
-7.2528987389339754
-3.2238080272616578
-6.1526273413495094
0.69189116823852115
-6.7955593176294569
-7.6258565461191994
-7.976722352778526
-8.4016260926668469
-5.585426479103897
-9.0310134567248976
-8.7067708308227623
-8.6064110253417141
2.2817114512555103
-7.3216715321482537
-7.5326882199164062
-6.2391563887626509
-8.9616752983261758
4.5438980871293904
-7.2749663471489514
-8.1239353680255046
2.9135112535969685
4.0008035213454214
-4.7421256921595516
-6.9247765975328175
-9.5099700068655242
-4.4358518715868005
-6.1243307566908358
-7.9072004675104166
-1.1649919024460103
1.9873343250276019
-7.9072004675104166
0.7160810549101575
3.6773192046516643
-3.8904959294681141
-6.339840410195646
-4.6157115492127812
4.1768669013853081
-1.8365834258685168
-5.1034885075811571
5.8275708410625882
-8.6211964864413115
4.838433552115081
1.4823538097851872
-6.818712202742585
2.4226612845788673
2.8306389354512
-4.5615982493239509
3.2742769843477357
-4.9724725226216986
-1.9846844948234348
-7.234602767125299
-4.0704559833909997
-6.8247638416160061
3.889308655306301
-4.5615982493239509
-0.83602765517132582
-0.83602765517132582
-8.241940774909283
6.1771675816196465
6.9959073046701254
-6.1243307566908358
2.2732486221805184
-0.9686171471943299
-7.4086556318053152
-2.9039384864247229
-0.56327984151976629
-2.7075427393219322
1.0696989824914493
2.2102970552982475
1.4987051595834986
-1.7357566657325592
-2.4097288996443917
-2.5199776894682611
-5.9547111381594346
9.6162945616764439
-2.3504334320196461
-2.838553244501171
-8.3819807699415012
-8.1417715616913569
-1.1727531431410958
-8.5615329798865449
-9.1900039333092458
-0.013489544770772566
-4.9129115923751474
-0.51128742002811323
-7.9123315996764232
-8.4661818117733425
-9.3778302825472331
-9.6248497279026886
-4.6877291650611976
-8.9790883801593004
-7.5149883898168168
-3.4004350530476546
7.8870668494230483
-7.2306865946773442
-2.8787665497862847
-2.626575201970716
-4.3541036701130729
-4.5615982493239509
3.2742769843477357
-7.9072004675104166
-1.9596586632381361
5.3272496649248806
-2.4956616169772246
-4.766101966091802
-8.7228109740986408
-3.4149212733151089
7.6886828187275267
-4.3402642315275548
3.1758647457237972
-4.2918237138559849
-7.9240368832787533
-11.581540777555469
-0.64729785651309835
-1.9291090235955453
8.2522135594681849
7.1559514118438576
-8.278514506416883
-4.1190363876455383
-5.6697690446918534
-5.6697690446918534
-2.455944579676093
-3.9646630896556085
5.2334447301288476
-8.0035479955018189
-0.96812127102138223
10.968080801581509
-6.1243307566908358
-5.1430648240324626
4.3177110656056259
-3.5778181170241621
-5.9954959993772121
-7.0414910054969893
-4.6413445874022941
4.8537714945506574
-6.1243307566908358
-7.401987900166529
-5.6690827206253589
-7.2054204677494393
2.3983721612752671
-2.1785306087041292
-6.1243307566908358
-6.321994500180498
-1.3461079791695458
-0.60279462184120447
-5.5900055574974674
-0.1162710936186979
-8.2304966880919057
-1.6753080158375162
-2.3543223493903596
2.7773097657393033
1.8006570980871244
-3.1930499485200432
0.86478035562284661
-7.6808635202665636
-4.7720471229600108
-6.5086621588580647
3.9165099523348879
-2.2605343971235103
-7.8031973696199595
-4.0951497887520327
-7.9428929120847886
-7.9428929120847886
1.9710653010440353
10.210272273692187
-8.7067708308227623
-6.2653275815622731
-2.5792484914863643
-2.5792484914863643
3.633365029141395
-6.3810407724143641
3.0115859807764922
8.567677028534737
10.633613682489248
6.4560071495371094
-8.4122429428994323
-4.5615982493239509
-4.699555870224807
-7.5709870365968825
-3.5116989338071352
3.7994592072594626
-2.6724469475315886
-6.1243307566908358
-7.6578312320463162
-6.7955593176294569
-7.1983419571292897
-7.7984310272589985
6.4060150857441451
0.86078096447337693
-3.4121108877314965
-5.2305835102816394
-7.427338354552286
-4.4077131040176347
-5.6257267145399821
-6.5078962720861284
-6.0764192537483375
-7.4329620703899364
-8.4661818117733425
-2.5057446747958214
-7.0977507333319405
-2.198838776482317
-4.4089952964153492
9.0703691455523625
-2.9852287275219842
-5.651485221327933
-0.85839839413153551
-7.0903251923747614
0.056265890393769377
-5.7513180986734866
-7.5709170884313455
-0.032545380212113881
-4.6314824155833252
7.1136040323996879
-6.979569682531193
-3.4962881373057839
-8.4947153681050249
-4.1479806673081896
-7.8918110100492838
-6.6995401131761172
-14.941063139022187
-6.3670058354012458
-6.1395801040185196
2.627148892195811
-8.0404135306189399
-5.8124172659030604
-2.3977527746559799
4.4714856968963703
-8.5888805299773896
-4.8131354472754611
5.6974057332919692
-9.0256813868199615
-9.37210527531726
0.44133523450013629
-8.2007949308596721
-3.0049844509590629
-0.32052849593611205
2.3096333890267426
0.96070997784700596
-7.9818727935376188
-5.9447841952242122
-3.0516009786663916
-4.5615982493239509
-4.5615982493239509
-11.499753116672421
-10.911313178050115
-3.4740318622262221
-3.9062177536909251
-0.54013509951199457
6.3720438726723216
-7.5783143052539712
-3.2973614005562668
-1.5169417420196911
-3.4094607522706721
-2.4046925805387422
7.1717946440791929
7.2082970629666043
-4.0312232154051753
-6.5270601251368001
-2.2426370279795096
-2.6479040655832455
0.69243971377099811
-6.2338178129914548
-1.6936890317581101
7.1991067261211299
-3.0711166858633723
3.3076905138453676
-4.7154595086096336
-7.2640533511817154
-5.3820474666689835
-6.2749639657273866
8.0231001166472691
-5.3642124271020908
-4.0235453448695848
-6.0983716950691536
-6.5733852366136674
-7.5274735958251098
8.1918280587963039
-0.92761682146975399
-5.4872735526790617
-3.2225594622137952
-4.0216082456215103
8.9016468796088066
8.4657286526975799
-2.004468746538397
-4.6648420867515741
-4.5875591274183822
-1.753159352112712
-3.6713543053128981
-3.0015172460119541
-3.3205885767901906
-4.4497983243335817
-1.0726950953451653
-20.373698059994513
-3.5223200931210639
-3.9370151109716858
-1.0720592540343337
-5.9100746402691637
-4.3815986959521638
-4.0902234587679951
-4.4975599147130447
-4.8474798365265723
-3.7542156520037828
8.3495219237069627
-4.4360575534433817
-2.664507560563484
-1.4525894913431263
-2.8633706936353249
7.3949683865091176
7.5699254925468686
-7.9072004675104166
1.5717407768113685
-7.6326133356321755
8.0281582114389956
7.6889617473703931
-0.86706447652870811
-2.5553316556976768
1.2145814841107456
-5.4503352489963595
-5.7038408760928023
-6.8934139328993096
-7.1891929431451773
-11.764824106818599
2.2732486221805184
-6.1243307566908358
-7.0683308969366019
-0.35779652289882158
2.0083084710153019
-1.3350389384549908
-1.1794401945610118
-3.4740318622262221
-3.9062177536909251
-0.54013509951199457
6.3720438726723216
-7.5783143052539712
-2.6073949563581493
-3.0664543127263499
4.5978820550097366
4.5978820550097366
-6.1243307566908358
0.89442721808770431
-7.0900583448652048
-8.1432885603643257
-6.338858709353433
-5.4109940930239153
3.0962165629557949
-8.6120573730489696
-4.1173338827958261
-6.3649825266966582
4.3177110656056259
-4.5025654093742373
-6.3649825266966582
-11.310354367431989
-7.024312848119286
-7.3211028154952382
-4.4658122605014814
2.1596607743889322
-7.9428929120847886
5.3804104295098041
-1.1095008416134469
-4.0990127064335145
-3.1388208321484838
-1.5571421456787529
-1.8257605146075329
-3.4009680022705595
-4.9305025611009583
-6.7955593176294569
-5.2704723684928974
-4.8685379520983929
-4.8685379520983929
-6.7558780420843556
-3.5882533586525911
-7.8873973744493187
-6.7016158602277613
-8.5389847708426228
8.9312855501086812
-7.5342720065814328
6.4935700411943849
-2.2972756149919675
-7.9240368832787533
-11.581540777555469
-0.64729785651309835
-1.9291090235955453
8.2522135594681849
7.1559514118438576
-8.278514506416883
-4.1190363876455383
-5.6697690446918534
-5.6697690446918534
-2.455944579676093
-3.9646630896556085
5.2334447301288476
-8.0035479955018189
-5.262474723977026
-9.2769012530195525
-6.4699611545234443
-16.685811737501165
-4.4136258638311894
-5.1849932207902487
-9.4247869852319131
5.583740353597892
-7.1798193834770361
4.978966936862343
-5.4510685959096996
-9.26754105578115
3.6511404372112453
7.5730319868761233
-8.1392722018419565
5.9455478440764198
-7.6293662540595699
-6.6740800304642747
-5.3464328337399891
-5.0719423325528243
6.4728992501727545
-9.4284531410723353
0.78627928598175878
0.78627928598175878
-6.9570480862066351
-4.9566474650685795
5.3349277957357693
-8.8008057172723291
-5.745961178370508
-6.1381301997954836
3.8542917716015008
-6.1514739572825343
-2.6729843375368239
-2.4032874136766882
5.6463595268583378
-4.5825926075423409
-6.2474373914378303
3.6486893153018345
-3.5422880922671194
5.1760578646873885
-4.3923323659658564
-7.1640517659501626
3.2742769843477357
-6.6645649639549571
-4.5615982493239509
3.0250110065016096
-1.1095008416134469
-4.0990127064335145
-3.1388208321484838
-1.5571421456787529
-1.8257605146075329
-3.4009680022705595
-4.9305025611009583
-6.7955593176294569
-5.2704723684928974
-4.8685379520983929
-4.8685379520983929
-6.7558780420843556
-3.5882533586525911
-7.8873973744493187
-6.7016158602277613
-8.5389847708426228
8.9312855501086812
-7.5342720065814328
6.4935700411943849
-2.2972756149919675
-2.9322196254885928
-4.7720471229600108
1.0633093739606283
-4.9777517092120478
-7.9206027002612478
3.8136904947487453
-8.7491578769232632
-7.6574976954617631
1.1949678600965024
-7.3220286706318021
-8.9955244080065437
2.9023675537443276
-7.6574976954617631
4.3177110656056259
-6.1243307566908358
-6.5508586333705958
-6.1243307566908358
-0.80986883607469906
6.2610964347683327
-7.0597779976425761
-2.7958321310228507
-6.1243307566908358
2.2429240446303886
4.816533135529987
4.5279568287476222
-0.0034841388950809724
6.4189971466403843
2.8198344832188784
1.1721602441668828
5.5972057445116254
-6.1243307566908358
-4.2758511653064444
-6.1294378657206288
-0.52582529304005665
0.031824331359114041
-2.7432787614640914
-5.7819788482664602
-26.220539262234805
-5.6624923981201292
8.41183757903047
-7.6301027954789813
-7.2982566205553363
-3.6936895881326715
-4.7720471229600108
-6.1243307566908358
2.2732486221805184
-7.185652016371229
4.9838631718400546
-6.1327258406999263
-3.2950168642348343
-14.759325049759179
-4.5870744351908526
-7.319047690599735
3.2742769843477357
-7.0714334535042527
4.9861110091693686
-8.563552947098545
-7.5498672016561299
3.5501249547247347
5.6333592260939209
-3.4283585871256048
-3.8501709375754847
-3.6072764644877702
5.7443628085167635
5.7443628085167635
-1.5404922475122533
-7.0509197302963953
5.7139312404762848
3.4489408382482085
-3.9911393017783507
-1.2726736685150424
-4.5615982493239509
3.0250110065016096
-1.1060585702332637
-2.720176856627559
-1.9963129188260489
5.21215837532145
-6.1243307566908358
3.0250110065016096
-4.5615982493239509
-6.1243307566908358
4.3177110656056259
4.3177110656056259
2.9017091785700782
-8.7869226348661957
-6.1243307566908358
-2.8757191841504395
-0.67477489181732564
-3.6132153697437723
-2.4067391845683139
-2.2911664778778134
-1.2494347565639736
7.0729821639224904
-2.9371741051354499
-3.4381950961402459
-6.5439285868593791
-4.6972015009785437
-1.7721529662728308
-3.526560160650162
-1.6587067657708787
6.6846080659653682
-4.3945184080354052
-4.4417106442783956
-7.6656335170469729
-4.2905380369946791
-5.2096631358114278
6.9894193926729971
-5.3642124271020908
-2.9511929848230949
-3.9547731680696696
-5.89568400231492
-6.9334569523445282
-6.5902536983362463
-4.0403104377502084
7.9729255375366543
-5.0272124793337065
-3.6026057130013505
-5.279273199597819
5.9548910058163926
7.9142854560318208
-1.8937793607931213
-3.4945618394473326
-2.8412384072955637
-2.6601393975534133
-4.1118456989542054
-7.870757759050437
-4.1478201068101432
-4.9489305892762232
7.2447485447976696
-23.274858847736123
-3.0794551695653056
-4.183727064106729
-0.79725621531728308
-4.6854853374078704
-2.8515830586520305
-3.0856689356352276
-4.4975599147130447
-2.1630666714818347
-4.6682708386309661
8.3495219237069627
-4.4738346497593566
-3.3882383184256164
-2.8337803197601028
-1.1977530430664034
-1.9465590991315873
7.9451421753755174
7.4828938887933312
-2.9322196254885928
-6.1243307566908358
4.3177110656056259
-7.3211028154952382
-6.4089693950214848
-5.4305990331135208
-6.7955593176294569
-0.35034497590137947
-2.5475187290159607
-5.9552945010950262
-4.1642569412618418
-16.486821222283641
-5.6633113460606488
-3.9152945630711335
-7.7754572681863534
-7.6729066922826723
-1.4793329924852097
-3.2994938511111238
-6.6949469950577916
-5.7191050990079635
-4.288945373141301
-8.115067323806791
-4.2449609114097173
-5.9227378337808423
4.822512546603166
-8.7067708308227623
-6.5594832788854216
-6.3405198977238841
-7.2306865946773442
-6.6381451551394548
-8.9767411237094272
-8.4611435004142663
-7.6533690027602308
-8.9728941389289822
-2.0253097074508268
-7.1398573696092367
-0.5440994692389105
6.5484303768971905
-5.154524484948861
9.0264031158109308
-1.3947610514597362
-14.739231850527691
-7.8861441257846918
-3.5623992528610451
-4.3623435758120825
-6.9588597937990233
-7.4643645751823655
-8.1304437673245253
-4.5052445808338506
-8.6918329610585729
-6.8575561328094308
-5.9839721921914837
-7.1416806150479752
4.8007343206923654
-5.9581822029675315
4.116228653853188
-3.7103725470563944
-3.2973614005562668
-1.0763639107825675
-3.4712309853969492
-2.4046925805387422
7.2082970629666043
-3.7217735388342668
-6.5439285868593791
-2.5520867045504212
-1.3213279222575907
0.50847118563997906
-1.6936890317581101
7.6579611040633395
-3.8006554966438792
-4.8990234239084147
-7.2692772661237015
-5.2761133131524183
-6.2749639657273866
7.7882343127373277
-4.1994314729090512
-4.0235453448695848
-6.1152401567917325
-6.9416044046422511
-6.4704964656875514
-2.5812622830867968
7.9729255375366543
-1.1120632758742985
-5.1778238761081488
-2.7111398464881153
-3.2077751969766291
8.9016468796088066
8.0424416054925221
-1.588855836578944
-4.750386410177164
-5.8002823423183534
-2.9468500791878598
-2.8909673758199976
-3.3516761608480063
-2.9609655637658499
-4.9541545042182094
6.7029328912830941
-19.834396063203332
-2.9804218315865323
-3.9032612626723009
-1.2041548990101372
-5.5709835089904187
-3.7991716060446477
-3.9930662814553735
-3.8567740783926507
-5.9368147334528318
-2.7391890529379985
7.0550853346629472
-4.6859952064142272
-2.0943363557156194
-2.8337803197601028
-2.4454333451915518
-0.89630235641089762
7.7069089833726796
7.7073366446591649
-2.4891862421239153
-7.4391409198725036
-4.5615982493239509
3.2742769843477357
-7.0262061299518184
-6.1243307566908358
2.2732486221805184
0.44133523450013629
-8.2007949308596721
-3.0049844509590629
-0.32052849593611205
2.3096333890267426
0.96070997784700596
-7.9818727935376188
-5.9447841952242122
-3.0516009786663916
-6.1243307566908358
-6.1243307566908358
-6.0718919795945112
-5.8131823312724666
2.4824218169816907
2.8895472371750275
-8.1416687157623446
4.9239337010028921
-1.9797539470421845
-1.9797539470421845
-8.5888805299773896
-5.3950035888705008
3.6871955439975954
1.68633575106148
-10.033226671950773
-9.4882098062167497
-2.6729843375368239
-2.4032874136766882
5.6463595268583378
-4.5825926075423409
-6.2474373914378303
-11.126457195995117
-2.7148368897579127
-3.3218801589953895
-2.9519108592201593
-7.6379823096354134
-7.1425964682487502
4.2857341404863947
2.8956205977937119
-2.144586345739889
-2.3899666749715278
-1.5449865357189774
-7.1983419571292897
2.8198344832188784
1.1721602441668828
5.5972057445116254
-6.1243307566908358
2.9537560811725467
3.9297372366228949
1.5567991749028338
-3.7339510144699433
-9.9056900039196769
5.1369786436067448
2.955063896529829
-9.4403426117733726
-1.7957257222449159
0.1702405047106274
2.7773097657393033
-9.5479480912636809
-3.128974186039152
-7.4586897298252008
1.3047682082554692
6.9056778300740476
-6.1243307566908358
-3.792463579230072
-1.7273479497866069
-7.3211028154952382
-4.7720471229600108
-4.0017534004733397
-7.972868983437424
-4.6247964557671821
4.1987253478094582
-4.2396833060790815
-5.6750616837046
-6.190727457436223
2.4385258998965083
-9.0127292451522774
-7.3039166668413245
-10.055636358641596
6.8924216602866322
-6.5508586333705958
-3.2375643797493869
-8.7876559154940495
-6.1243307566908358
-0.039223721697228701
-7.875058331102748
-5.1631342237401272
-8.0374608314780875
7.4025344994389171
1.7294931629656998
-6.1243307566908358
-1.9846844948234348
-2.7811412842961611
2.7333045646467373
2.3913637137523742
-0.89381120434602401
0.77028555643134444
-12.232356193858671
-6.2917527259213957
-5.8681952887589901
-10.604065107728276
2.3659725368749736
-6.6490589359114445
-6.8738663286174262
-4.1376756053056187
-6.9984843153314458
-5.3240321589184152
-6.9097789657993314
0.32043620750438173
-5.340937446918999
-8.4689281367698008
-21.132661887090226
-5.9416307118638914
-7.0557702906709601
-6.7147937322243578
-9.1018889124144948
-5.4878062408839741
-8.3434600025558492
2.6706633950614358
0.76500608855422825
-0.26408808915233323
6.053366488174027
-7.6808635202665636
-6.0619617369846699
-2.6925436059436776
-8.2100552378678682
1.9251842904164598
-2.3382123030474156
-1.8248336062560013
2.5932221981346015
-7.519465514350153
-6.8846612262018034
-4.9857172714403362
-4.2963849118703035
-7.094783186620611
-14.557601148710546
-6.2643037757260815
-4.3947009647855095
-9.5741524375231108
3.0396907389728631
-2.7147510805080701
3.8360007044116267
4.7702983368388994
-4.3033386759200702
-3.6102292385879586
7.1795331758549858
-0.76587498255643693
-5.1583325921216119
-3.8274237932552806
-9.7648364265698699
6.4136417938200321
-1.9228022539594187
-6.9192938373630639
-3.4882535518748643
-6.3847761990120988
-6.1243307566908358
-6.1243307566908358
2.8198344832188784
1.1721602441668828
5.5972057445116254
-6.1243307566908358
-4.7720471229600108
-25.561726217448545
-2.7656847375152331
-7.6301027954789813
0.10607299360587318
5.5536704314644245
-25.796053483446947
-8.614594685169763
-5.0496431343956383
2.2769958871647926
5.7220348826530554
-1.4374695613561073
-3.9092592706497302
-19.302670158306107
6.2160692715458756
-6.1243307566908358
-8.2960717152578614
4.3177110656056259
-6.8247638416160061
3.889308655306301
-4.5615982493239509
-0.83602765517132582
-0.83602765517132582
-8.241940774909283
6.1771675816196465
6.9959073046701254
-3.7412211153090054
-2.7335131920677327
2.0894838817080532
5.7736301324202701
-5.0583606288449134
-8.5498804630491723
-6.5626618348379528
-4.2999712513024457
-5.4954937218171169
3.0270814106696333
4.5565479295461264
-7.7206465033029561
-8.7896314038886754
-11.581540777555469
-7.8251977732076927
-30.808000430467771
4.3177110656056259
-9.0268459788808126
4.3674570718838144
-6.3638062620992741
-1.1395511547428845
3.5768501805915434
-0.49188328638844186
1.7775699468642905
9.2800891427089862
0.53112521738947938
-4.0379755562938984
4.0337615702718566
3.2314754837062547
2.9449244743390777
1.1950838279043807
2.8868041522436751
-5.691548871639931
-6.0357967547274169
-5.4398847496580549
-6.4026886907577669
-7.2259419116702608
-6.1243307566908358
-4.4112406923601446
-6.1243307566908358
-8.7067708308227623
-5.0309217462534352
-7.234602767125299
-9.3778302825472331
1.6644958084256156
8.5442823764445652
6.6455292567802013
-6.3315631521674725
-5.8096151159318659
-8.0564681154825646
-7.049866671566023
2.6030677267117608
-4.4208201462754477
-5.754326100105172
-6.2069397835488145
-5.9679322420755767
6.1041034395703129
-7.9540583533136502
-3.5509699193961248
-4.5615982493239509
-1.7039018445671406
-1.7039018445671406
5.8530967256315662
7.1697796651781589
5.8316349652050095
-2.4292786869224745
-6.1243307566908358
1.9858920031941678
-7.4638105765900713
-32.836920568297138
0.42715914005613814
4.9929401264021438
-3.2973614005562668
-1.5169417420196911
-3.4094607522706721
-2.4046925805387422
7.1717946440791929
7.2082970629666043
-4.0312232154051753
-6.5270601251368001
-2.2426370279795096
-2.6479040655832455
0.69243971377099811
-6.2338178129914548
-1.6936890317581101
7.1991067261211299
-3.0711166858633723
3.3076905138453676
-4.7154595086096336
-7.2640533511817154
-5.3820474666689835
-6.2749639657273866
8.0231001166472691
-5.3642124271020908
-4.0235453448695848
-6.0983716950691536
-6.5733852366136674
-7.5274735958251098
8.1918280587963039
-0.92761682146975399
-5.4872735526790617
-3.2225594622137952
-4.0216082456215103
8.9016468796088066
8.4657286526975799
-2.004468746538397
-4.6648420867515741
-4.5875591274183822
-1.753159352112712
-3.6713543053128981
-3.0015172460119541
-3.3205885767901906
-4.4497983243335817
-1.0726950953451653
-20.373698059994513
-3.5223200931210639
-3.9370151109716858
-1.0720592540343337
-5.9100746402691637
-4.3815986959521638
-4.0902234587679951
-4.4975599147130447
-4.8474798365265723
-3.7542156520037828
8.3495219237069627
-4.4360575534433817
-2.664507560563484
-1.4525894913431263
-2.8633706936353249
7.3949683865091176
7.5699254925468686
0.89442721808770431
-7.0900583448652048
-8.1432885603643257
-6.338858709353433
-5.4109940930239153
3.0962165629557949
-8.6120573730489696
0.9669486831001064
-1.6522910685578904
-7.2054204677494393
-7.2306865946773442
-6.9104103400541614
-5.4830210789101095
-0.70406513194101716
-1.1155349934138417
-6.7351958877041822
-2.5029995271543299
-8.1370928996132399
-6.5508586333705958
-3.9911643346247656
-5.0188873757308627
-3.8721160404348662
2.9103893978066364
-2.9701119824207427
-7.4231957409195166
-8.1211754085787042
4.2087549058570559
-4.249879383662778
7.462335588135109
-5.1096682341015152
-8.9469400953793095
-4.7720471229600108
-6.1243307566908358
4.3177110656056259
-7.5487054578425541
-4.5615982493239509
2.0502841230211257
-6.1243307566908358
-7.2054204677494393
2.6210668986211871
-7.2054204677494393
-7.5149883898168168
-6.5508586333705958
-6.3981638131184155
-8.861252100684581
-8.0568542662550371
-6.3981638131184155
4.2751503359676066
-3.9055675017339495
-6.3981638131184155
5.45626713759287
-3.8312274622267246
2.9129587385792837
-3.3210203257789432
-3.3511468333287313
-7.9240368832787533
-11.581540777555469
-0.64729785651309835
-1.9291090235955453
8.2522135594681849
7.1559514118438576
-8.278514506416883
-4.1190363876455383
-5.6697690446918534
-5.6697690446918534
-2.455944579676093
-3.9646630896556085
5.2334447301288476
-8.0035479955018189
-4.5615982493239509
3.2742769843477357
2.8198344832188784
1.1721602441668828
5.5972057445116254
-6.1243307566908358
-6.1243307566908358
-6.1243307566908358
-1.8346888910352133
5.4198498476987131
2.618313639921289
-3.358367260643722
-5.4231499585380778
-4.7679649043226311
-4.7370461305332574
-6.9485219463279924
-5.5875730072392953
-33.452251316232015
-1.9273142326708448
-3.5193652632137775
-6.0456167701528409
-3.6205002723017992
-4.2414333231296988
-2.4686933297303062
-6.5991372180384209
-4.4208201462754477
-7.7984310272589985
5.1587856594297916
-10.625570210314836
-7.9240368832787533
-11.581540777555469
-0.64729785651309835
-1.9291090235955453
8.2522135594681849
7.1559514118438576
-8.278514506416883
-4.1190363876455383
-5.6697690446918534
-5.6697690446918534
-2.455944579676093
-3.9646630896556085
5.2334447301288476
-8.0035479955018189
-2.0602005645230457
-7.0610111408116456
6.1290842865433284
-1.3070001226559116
7.6791272930581904
-2.8326436020767698
0.12675306568549402
-7.3032002681368802
-2.0816056816411574
-11.252145474211327
-11.252145474211327
0.56254016671767915
8.6846957096575572
-6.3345193974889122
-5.1605009618712767
-6.7437162868874143
-9.4284531410723353
-5.9897018012031804
5.4079598899820791
0.13279427787161219
-14.703151589771263
-9.0375975016973182
5.8657817315940246
-4.0846600801316004
2.7175370835714623
-9.0857601960886925
-7.6378485994302041
-4.9282467242828458
-8.1416687157623446
-7.0386948870899797
2.9876951873787418
-12.843489955118288
-7.0809738376993669
-8.9087094577281452
-2.7981386210304136
-4.9999420540173531
-6.2610119750725319
-3.2042041304413842
-9.111043396522378
-5.9016482239479888
-9.2870394145839246
-3.8435460649711537
-7.3004182698886675
-3.9057103499979968
5.6344785035598548
-4.6400810219085553
-0.10928907467275828
-9.0662244960379095
-4.2492147301526622
0.45795094540276898
-4.4955339606990377
-7.978793866648366
0.16475274055578248
-1.2022901776020116
-6.3493354024583812
-13.695086903734778
-7.3897376778317208
-6.3204031989302178
-8.9031602265423935
-1.2283950366250564
-7.3585246502789605
-6.1181989767416987
-8.1385175225862962
8.5005582726851543
2.8454443171702444
-4.7267825597745103
1.9842770977077762
-20.113068897114943
-3.1253007723920789
-1.6661817642260834
6.5742576984541969
4.7046556195647939
-1.5384152682776711
-3.0590962474713579
-1.9474969518165892
-5.5240945108256749
-4.3684940315643894
-16.942920585480643
-8.4098217945010596
2.1566091704349093
1.6837348820910023
-1.9804631633851348
10.841003753876446
2.8914028195457422
-5.5999107621154849
-7.7550665628468014
-4.5964566804489237
-6.7955593176294569
-5.5786101516770081
3.7178713360623035
-7.9428929120847886
-2.3826084534031606
-4.2899616233782218
-5.4830210789101095
-7.83260368531871
4.5991784006184524
2.1630548547721902
-7.6344970134276195
0.85646061348504166
-6.5355944875330767
-5.3174430592135122
4.9959898857597285
-6.1243307566908358
-0.85954698268645102
-7.219402352104006
-6.4873721440990595
-5.1572637995334976
5.7360967508656051
-7.7002100277736201
-2.9042212409946435
0.066297688375395639
-8.1851443242299542
7.0988938731158511
-7.5738755382449838
-5.3019950242784546
3.4080887895471252
2.8475509541772794
1.2285488286286488
4.7624056100440759
-4.6329579943368948
-3.3742687513058764
-4.7720471229600108
0.47581046074172645
-7.3758959389071208
3.2742769843477357
-4.5615982493239509
-8.8500750724072557
-7.99351577060989
-2.4302440391145739
3.7746418891310674
-4.7720471229600108
-8.3138109864913243
-7.3014487550085816
-7.9363957709801163
-5.5009730001539063
-0.9183140597824988
6.0605961050340751
-4.5074412314146315
-2.0381851900446146
-1.828756326663179
-1.6223512301317826
-17.893214072153402
-2.079694497456928
-1.3369981917916622
6.4770288397709779
-6.8823385590783897
-7.2873562300347432
1.9640651427233931
2.8306389354512
-8.9610536538470846
2.4120942797029836
3.2325201484966484
-6.1243307566908358
-2.4447708613707095
-2.4447708613707095
-8.359966887038599
-12.5442246963024
1.6387623073295809
-8.6454058275728745
-8.291797531196357
3.9003440143424872
-4.8670952340426741
-4.7174224490001402
-4.5063185821731002
-6.0825634983850341
-2.2782491374114424
-4.5615982493239509
-7.9428929120847886
-6.3405198977238841
9.150191446732487