9.2730161408782799
4.2317918892031319
-25.102968717093166
-0.029443197238176715
1.8185323218624692
-29.469087926471648
-5.908248580255469
-2.2553697048015171
4.7946311162536102
-10.729668197206804
8.3977626397956016
6.5239860450275007
-8.9340749034972013
-30.632248680957904
-5.3237388910882455
1.8185323218624692
-18.355471183264711
-0.029443197238176715
-9.7067980832748226
15.407805346448638
15.459063154112011
0.2926914759595004
-18.814717266058651
-12.665373928902703
-7.047585179861807
5.5786038896536825
-14.149594542950577
2.528918209814027
18.848655008589351
-11.330841783951371
-20.118415779128618
1.9455660835791446
-29.111933296079705
-4.4879256179377061
-10.276850247074773
8.5652314802113771
6.3565349803909008
9.3283978687888638
3.5353713252207721
-29.30207597785131
-1.8534190997062741
9.2094278061569419
-11.506070507524262
4.5712914692846747
6.9306101907852247
-31.030963915114746
-1.9311451114687568
-10.318919368607304
-11.755019931609056
-33.193715949109347
-5.4962267768661039
9.0423930399895713
-5.6485325302454408
1.9818788586630267
10.133982627138538
-11.980709421921622
-8.0802922862790734
-1.0062643744831734
-24.905781779477628
23.184621226523902
-15.161694619609158
1.5342996794604939
2.3289552729670708
-20.190636573086113
25.525094696788187
-4.4230094021929265
-9.4165683587931799
-17.084691624303435
-12.469254607706207
-12.469254607706207
-30.789303655071581
-21.14723482536446
3.5678111082617625
-0.37605351739134862
12.092002802536214
20.271033110781779
-20.946070854006507
0.24187553728928407
-0.62895915753531773
4.9712295501839501
2.4623928791403582
-7.4557242514447779
-7.4557242514447779
-9.9274543394317991
-42.408972763619872
0.76295360289892666
-4.0906876411562774
-24.283731715512005
-14.786910020809284
-11.135394217601947
5.7124460331563824
-11.584428245163695
13.65358057432169
1.634568248555625
5.8714905071625108
-30.36875225276491
0.5084479540448027
-7.9546944778878927
-24.468106360466606
10.238535967217491
11.206275453403828
-14.269890372943905
-14.269890372943905
-18.644983968893523
7.2068077922661145
-13.782821646763319
8.0513078848377582
-24.905781779477628
-26.522812406612065
-2.7955978457054718
9.3031318950680273
-34.32398946896781
-12.541546087710357
-10.276850247074773
2.6467922817280254
0.65281928503989062
2.906812872915058
-9.4984697895527734
2.5929644953922177
-21.586142982423567
13.662668806682481
7.7142548995811682
3.5851519894857957
-11.216546976518469
-18.740548579043551
-18.674926387092327
-13.993782032221068
5.9341893006230659
-8.9337878136563624
0.24187553728928407
-0.62895915753531773
4.9712295501839501
2.4623928791403582
-7.4557242514447779
-7.4557242514447779
-9.9274543394317991
-42.408972763619872
0.76295360289892666
-4.0906876411562774
-24.283731715512005
-14.786910020809284
-11.135394217601947
5.7124460331563824
-11.584428245163695
13.65358057432169
1.634568248555625
5.8714905071625108
23.404328386610036
-10.792742708918828
2.4968714384332102
-5.2275024389090534
-30.630918607356115
-0.029443197238176715
16.703842972913893
-3.5518493839405707
-2.2370090299891068
19.354717672406149
-1.3897453213757938
1.8220216904460953
2.7898248673579737
-3.240741208940054
-9.3223108475950127
-6.2212426169905592
-10.276850247074773
-3.6830881748066071
-6.2375345304655854
12.618809275017375
-16.804111543006119
-4.8611986492552122
-11.719119832064903
12.656003738278178
2.4869993816332392
-12.819192585798111
-8.7781479054833795
0.75813701478854867
-12.843317287302527
-11.824053745644848
2.5662807460255155
4.0844812325275228
-2.8968086017109127
-11.991397384719317
-24.905781779477628
8.0513078848377582
5.0785529287202076
-3.7791629013851278
-21.076331477426599
4.9712484884150641
4.4456336301567214
-30.810709355136996
-8.7484865136746475
-14.159346887246672
-7.0638695404273939
-31.573980350662254
-7.1842672492907207
-35.128439243386879
17.359113820319457
-12.005741377645942
-11.134504162766353
-15.56913921490624
-1.019519210898475
-29.382987068574284
14.48788182310547
-24.905781779477628
-23.683879682860567
8.8378828858799299
5.9977239274157714
-14.415147205426047
-8.0436987487532949
14.201757007707252
3.702728410053123
20.844460358111011
0.0021966293067903386
-6.4434699118527892
-3.6094348392407736
-11.824053745644848
-5.7448680797605114
-15.038941507681798
-4.8202180857354824
-14.159346887246672
-7.0638695404273939
-31.573980350662254
-7.1842672492907207
-35.128439243386879
17.359113820319457
-12.005741377645942
-11.134504162766353
-15.56913921490624
-1.019519210898475
-19.834304841001025
-14.863074836692537
-21.323493669892233
-17.057421466721792
-30.102410662648523
-27.133155664174051
-27.098243847451741
-3.0962715083880168
11.51549104049986
-3.3998584391116919
10.023136674869017
-6.9129936102445395
-29.605732140929888
1.3694475930063155
-19.650964294952129
-5.4600201229807581
14.194018498872166
-6.2146424691104665
1.4109913557510894
-15.832124122670841
8.0513078848377582
-9.2879050999510895
11.667337998559111
6.9056680280392273
1.0297787177555473
-25.035170132482492
-7.3768541162184995
-24.927284070435721
0.76007387673780147
-3.9899338766165733
-0.24140126610329096
-17.822438687765633
-5.3113556808815217
6.5814208202285265
2.9386919511924567
-11.833307284108907
-3.6254282975193979
0.71379627588157657
-19.120273930637563
4.5754931809365269
4.4308994082337199
-4.6474951707596617
-2.960855994186729
0.6292747495784381
13.635025552968283
-28.151549063899544
4.7235856476604248
-4.9008067111999738
-12.483203538040042
1.079992968323092
9.9936019789964323
-26.253974580776752
0.062998758966106266
12.1254862363662
18.94182874720757
-23.388140646925279
-18.224148926041273
0.64853253915512832
0.63163463077603577
2.631826063826614
-12.807750877995801
9.3111765637362289
17.244251228278998
-25.001912046423165
-6.0322237028277312
-0.70567295786694451
-1.5511173355649972
-5.1307508092951091
-3.3041825984945898
10.329213183092135
-27.047970975728742
1.5203485440296403
18.665826888817787
2.7664017457022796
17.0420464300494
-8.1418447007060148
-4.5333582629925111
-3.0065684737860674
3.763703467675747
-13.100168588968941
3.9350929809160351
-5.6182007494830639
-5.7264209118392957
-1.8144494281178041
17.025214930885202
10.015713031858745
-3.8273960173932826
11.32349074118326
-11.707379226297938
3.5922942419871622
7.1419725188924605
-18.708520723507448
-26.886457849729986
-0.49734094045686394
10.953105289733307
-24.905781779477628
8.0513078848377582
-25.700663835540507
8.0513078848377582
-4.2471216437896846
-25.998270769724424
0.24641258989034545
9.362037503678545
-16.357657243567242
-24.332864584770714
-7.583017634149158
19.652260532770917
8.0513078848377582
-24.905781779477628
-9.3163863565646832
4.7651767994092129
-21.844338977575823
3.140950831534945
-23.340659448384741
4.52029592459514
-25.241556360957691
-15.339463122793759
-4.6456774185066605
-2.4691669998118249
14.420900894673698
-22.798109026904573
-11.919426031123983
9.2698813032750724
-4.7979388490818877
-1.9430387831426918
-22.315974712355576
-19.834304841001025
-14.863074836692537
-21.323493669892233
-17.057421466721792
-30.102410662648523
-27.133155664174051
-27.098243847451741
-3.0962715083880168
11.51549104049986
-3.3998584391116919
10.023136674869017
-6.9129936102445395
-29.605732140929888
1.3694475930063155
-19.650964294952129
-5.4600201229807581
14.194018498872166
