8.5052815712791077
15.789161527620069
6.3586578209167124
21.29509593943531
24.855263917690348
15.798008997714081
5.2278472435377354
17.654435078777318
-10.929741184358091
22.218042406733424
-13.934001456557043
-2.6738675888299315
11.485972590532441
13.938515360509454
4.1889126939524157
-12.882670546880787
5.7362834859278529
23.417080262593217
22.860003109635681
8.9360172333691654
8.3180514930764549
16.93568495161156
-9.752203904109324
8.3283990408185087
10.09392502733264
12.384155413163249
8.9360172333691654
-12.197359223451343
15.789161527620069
-8.0207234556455553
-16.168678042024531
-7.2753550414523573
-17.72337894631373
29.859378609855632
17.284295572779893
-2.0668534710684479
-16.605609593955052
-14.780025316870542
22.557765587019762
13.846190808516614
15.789161527620069
-12.197359223451343
20.940284470258668
-19.712279802974525
-6.6409852396459952
10.313937364023765
-6.4919572114775939
17.408657456382208
16.329604945727976
-14.498370367635045
-2.0668534710684479
-6.7324845831740037
-19.6309970109203
-18.937778587230671
23.883902543915596
-2.2316806020444018
24.045502725718944
23.32704734005469
-7.1862948369599229
-7.9190265448712447
-18.481069593070966
-0.51048576792713118
-9.3872425496250145
-13.483529054771219
-5.7379804148479083
-18.904772271247033
2.2588479245094262
-17.753887158380344
-11.897454876073621
10.067979517864433
-2.0668534710684479
21.864379868986823
-22.170214500817799
-8.349250707402291
-5.1046241655863591
29.032187081612857
15.789161527620069
-12.197359223451343
-12.031008489786545
-2.0668534710684479
20.494683669548458
13.98183715889094
27.849390011960814
-27.640928263071803
15.151492602292699
9.5250586710607053
-10.095546035926805
3.500025701163378
-14.636526846550865
23.610148408239848
-5.6756209112510021
-2.7519391690087898
-4.3938987854030644
11.814451854076522
-2.0668534710684479
-0.0055304899128187984
-7.6916498306003653
-12.359800582619016
15.09858841787285
-13.814305756002268
21.041066772503818
-9.7099380597009421
-21.239625430509737
33.543001645911239
-15.375444423123337
22.401751215193922
-16.861992286636511
1.356618419274479
-13.329350402909963
-14.33414775947759
2.2551740323151463
21.192484969141464
2.8773115084334524
23.492186247582204
-5.1473926022015979
-4.6936452682536434
-19.157563289643196
-11.117844912434579
19.504919208774524
0.57967811609648268
-0.3297699755003064
-18.386806232772663
-4.8900395901862801
9.266542496024103
5.1983666920767835
1.7649548000792032
7.1392073894270212
-13.818511525945759
-15.455955850994116
-14.838921541960014
-2.0668534710684479
2.3096168846773764
-11.239912944298709
-13.758979165322048
-8.839896428283831
-19.845265089419428
-4.0661231299271101
-2.4394324049886742
-7.244241675779473
-25.518019331343137
30.841008998733731
-5.1177089478152755
20.903070610038313
-4.0395985635074032
11.403763952636757
17.279835463021893
-10.942306853613029
15.032561520440698
-4.3141189690556025
10.022316135638146
25.483837892023519
-7.1764527782162428
-6.6160358555092866
-5.8162908688748214
28.634887641348975
27.20903306011391
-9.4416952518521757
-12.873370039502069
-19.833945522367085
-19.833945522367085
-20.822527243755605
-8.5910374717246452
28.862137604709343
-4.394348233465843
-8.7592962819446303
-11.042769743716908
8.54516176235453
30.383179238650346
25.737532115752209
5.0764308235709512
6.4522834196335994
-4.2516046437339492
-16.072457321768081
-23.225797278757447
-10.846559733714026
-6.5807667031021877
-0.7654899751259383
17.834345290960499
10.339624613411683
-10.610190277335102
4.7642328998653651
-14.498370367635045
10.61224018151036
13.252383314188419
21.430818633955866
13.786631847773988
6.1098889836183696
6.1098889836183696
21.500676826158472
-8.0693338522385609
4.92157977077634
9.1610656629187339
-14.780025316870542
-8.5100323161268729
30.383179238650346
26.727843288562337
6.7113416902043523
29.515490788016855
1.4999363167719777
8.0322600242906201
-6.2070434379803316
28.420432326288619
-7.4492104231595073
-4.9926035402868125
-19.478245270807495
-12.197359223451343
-21.188006566120983
16.113335584954374
3.3569620991069757
3.3622133165233428
14.659537431711465
5.4235621178992419
-9.4493616185593901
-0.2091478772662437
5.0764308235709512
6.4522834196335994
-4.2516046437339492
-16.072457321768081
-23.225797278757447
-10.846559733714026
-6.5807667031021877
-0.7654899751259383
17.834345290960499
10.339624613411683
-10.610190277335102
4.7642328998653651
-0.50560878190672454
28.216547098622176
8.9519005092869026
-16.168678042024531
20.216988512058133
18.704365654387033
-11.072753978937829
1.082482201793584
-15.303656520164749
-7.1158546064469261
-11.178262438042873
-4.3581514367292629
-13.617125210381715
-13.234829571335261
-18.885603236845768
-4.0693854679389592
24.114392403331983
13.129891184773399
11.138809895865874
-16.517466819211428
3.8569999513905087
-26.045992811539818
-12.197359223451343
15.789161527620069
13.372670699180075
22.085365266956359
15.797192735636122
14.864055991737413
17.422213210227749
14.659827816117094
-10.418709678851172
25.107920394124708
14.538762540976478
-14.539094940994996
17.506693621944827
-3.6954611100382859
4.6872993291805889
-15.256748176459249
20.494683669548458
-21.505421653321093
-26.045914262708891
-22.36794734119686
23.746729305228182
-14.498370367635045
15.472642789772252
26.943395080848131
13.5701079870759
-10.83157733561344
13.371253342461873
6.3986697303345492
-13.707381379815866
9.5975013563681788
16.570519915398904
6.7364954375376449
-8.1679152023063732
28.228635227838307
-5.7463723212073896
-2.0668534710684479
14.626514973565859
11.018908644820693
-8.8904009483640927
29.417732647016692
1.831692542491826
31.414511201834063
-2.0668534710684479
19.97124109313323
28.216547098622176
-25.993232388807368
-25.518019331343137
13.5701079870759
-10.83157733561344
13.371253342461873
6.3986697303345492
-13.707381379815866
9.5975013563681788
-0.51048576792713118
-9.3872425496250145
-13.483529054771219
-5.7379804148479083
-18.904772271247033
2.2588479245094262
-17.753887158380344
-11.897454876073621
10.067979517864433
4.6647206264748862
11.048625740109115
-21.188006566120983
16.113335584954374
