-5.7223585591061159
-14.354065248346123
16.119227555521487
-4.7709650298160682
-14.354065248346123
-5.3249197580789165
-28.634590055848196
-0.88028651381972267
3.573821738052112
7.6880392882303585
-5.2829648503793942
-11.280318415789399
-18.100805351454692
-13.484681929821546
-23.872897846068913
-18.543230750605758
-20.033784566100891
-19.827258610559106
10.14635986028231
-12.373867193249461
-0.2550878083983773
4.0721543649319374
-10.050705752257025
4.8321256017232592
-0.11523102646499776
1.3748593948131722
-11.207455599584453
-3.5264736449111607
-19.089670507979065
-21.611106168263195
10.67404526440524
1.5384341911684778
10.832177918391981
-18.039441095081663
-2.0748524644205144
-20.557632029625402
-6.2806810042975583
-14.861108683463696
-17.786558583430018
-31.89507677486348
-20.091655398771259
-19.088333088724308
-7.0846406826241779
-1.4011634083173403
-20.679940342513508
7.2444722722371733
-8.9679034474878918
-4.9414648384110142
15.567477999885577
-20.512009842773637
7.2444722722371733
-9.5348125390091703
7.3442031031237152
16.968610459076217
1.3391420014429452
-44.492901775580492
11.342017283111391
9.2851062784017415
-18.321986467868104
-5.9592409899720868
-26.282485900313038
-5.2026678831021993
2.0826171085357741
-20.540747668397561
-24.837834498034184
-6.8111387878073435
1.8510314530564866
-4.3670542294017594
-21.342156424418306
-1.3700879077583694
-7.743803519369842
-1.7061317426353146
-1.36871783452799
-10.264673711310948
-10.927802742907581
15.813921851509324
-27.317191972569056
1.3125737832795934
-22.599955558814095
7.2444722722371733
-20.572419597421323
-19.869111514287077
-7.9331660352564448
-7.1043485262763344
19.233840361104104
3.9294923607157801
13.102788060551948
-24.26263372241656
-20.384891969970283
-23.668278708462338
-21.467258272780676
-10.399507629237863
0.67681437814100331
-6.0175053191420211
-2.9342524072463494
-43.77870979366368
-7.5041323386975796
-9.4620129820649126
-19.64266138905429
0.51560596866293629
-10.815653407609712
-4.2627045694228016
-10.069578388950962
-4.0341411019284799
1.5426888662748988
8.4118516663684915
-18.861189524151413
-20.540747668397561
-9.990031439218038
-4.8364778560391333
-20.679940342513508
6.0089341149608781
5.8888676982995776
-5.1022457688435221
1.7652444797145619
12.13723377354723
-20.540747668397561
15.567477999885577
-4.9414648384110142
-20.091655398771259
-20.512009842773637
7.2444722722371733
-20.540747668397561
-16.977883864722344
5.2280611181819792
-20.540747668397561
-4.1722869398259146
-19.869111514287077
-7.9331660352564448
-7.1043485262763344
19.233840361104104
3.9294923607157801
13.102788060551948
-24.26263372241656
-20.384891969970283
-23.668278708462338
-2.1294721677240158
-11.335063261117135
1.4303344675809857
5.5766834899426101
4.2313701564838375
-1.8372700487539073
0.013233941167910128
4.7303182326521442
-7.0906922788404794
-1.2176345662296029
-13.130738488069559
-5.9955969924956074
0.88536873399967553
-14.048712186565684
-22.983650538579319
-19.822162529075907
-20.391783721371123
-16.396857372978879
-3.9717272243925321
-5.0295289521260687
14.970760908322829
16.435001701797134
-5.8223121481031299
-13.489410788796601
15.999161138860192
13.873837466377912
14.932769480184827
-4.9414648384110142
10.306365398642392
2.5821605142896411
-5.0934832540925781
0.99366611263007987
-4.9414648384110142
-10.503787640131517
13.433895749791759
5.8426357346467555
11.20737814587067
4.3880773366608468
-2.0101472746328506
1.3261790054527038
-13.239644372563042
-12.197342653018072
-3.5612817616344721
-8.0159857835174328
-10.204212364797934
-2.8887650638980311
9.597717571016096
-1.6839247402393223
-3.0970900199335221
4.1506041942802927
-0.090912992134431797
-13.180693273570419
-10.827075427758794
-7.951554500763871
-9.5256595211041049
-3.737970590774756
-20.973703378154045
-18.9245641247431
-6.7626712760405194
-9.3337604649394788
-9.9057335302565441
-4.2454642381034402
-4.7617502662820224
7.0810162123159905
-8.8645758532369427
6.8993564329172816
-3.8309291252486695
1.0952099506382682
-0.25621177822806884
7.3587202952039723
-20.891848660421125
-1.9593678059036468
-3.0339510865214177
6.7811231248975838
15.501274422277618
-2.7125459606053566
-20.630629528293294
10.276378501448672
-12.693207925278939
-1.6174860083627252
-8.398930086482908
-3.7688001337136812
-7.4420612498404761
-5.7563220631440126
1.6306698082985007
-12.210768143447083
-16.809992790455315
5.2744252649387811
7.1374845333034047
-12.418071204291699
1.0395538736811949
9.0141639916368366
-3.4963897636250398
1.9062274067049647
-11.815607952382605
6.8676008530599102
-20.572419597421323
-4.9414648384110142
-20.391783721371123
-20.512009842773637
16.395283926154541
1.5518790768796675
-9.8861341948350177
-6.1351211202872697
-26.027575393889997
-2.5583993480695377
-37.518743663312677
-20.833782849876567
15.476648213408341
16.494495306238516
16.560382222909709
10.105877840240939
4.0357163889585523
-4.9414648384110142
-20.598162317892395
-19.913590211847353
-20.572419597421323
-21.021938554628321
11.327659657460226
8.2583559853449113
-15.063851327029269
-19.10178765670959
-29.094499105380542
-21.516767269727374
-12.317286080573997
-21.517335238449611
-20.572419597421323
-0.17058217525545391
-20.679940342513508
12.035991741030939
-17.050850861488357
-20.572419597421323
-20.679940342513508
2.7484370715539872
-21.516767269727374
-4.9414648384110142
-5.1033654431577116
7.6581749300588804
-20.600218296521195
16.072063890861688
18.258202103849897
-5.5184079986307717
-11.750219088125435
-8.3809159868240339
-20.540747668397561
8.5411387822371463
4.2650709542405476
13.263857532182266
-5.2473785323489075
-5.3093102937928824
-25.001776052691696
-3.4843266723174624
-0.26213496674447434
-11.172288331618857
-30.18728084980911
-20.512009842773637
-20.572419597421323
-20.779939446947147
-3.0514782635497761
18.666892396847114
-5.0142013765590976
-4.9414648384110142
-26.215938696041267
-21.517335238449611
-20.540747668397561
-0.52004189098184284
11.02235395344805
-9.3965878052307517
-23.955415775965566
2.8957399099346879
2.8152791945575988
-19.934877258158107
15.815279563812021
-20.59557240078809
-7.0321588384852811
-7.7767694599393735
-20.538200705488052
-51.845800813178172
-2.1294721677240158
-11.335063261117135
1.4303344675809857
5.5766834899426101
4.2313701564838375
-1.8372700487539073
0.013233941167910128
4.7303182326521442
-7.0906922788404794
-1.2176345662296029
-13.130738488069559
-5.9955969924956074
0.88536873399967553
-14.048712186565684
-22.983650538579319
-19.822162529075907
-20.391783721371123
-20.317252128241353
-20.512009842773637
-1.06938961949908
-4.9414648384110142
-21.368906333022828
-8.407649946829034
-20.600218296521195
-20.512009842773637
7.2444722722371733
-20.391783721371123
-20.512009842773637
7.2444722722371733
-20.512009842773637
-11.092851989824728
-3.159570688652714
-47.321832998145837
-16.396857372978879
-20.684628161514521
-14.92309005418822
-21.517335238449611
-2.9358927486252977
0.73082881075122741
-16.7113863554079
-21.746390780644401
-50.075549259427611
-19.089670507979065
7.3764553267665844
-21.525391127929076
-12.16983714158418
2.6231668188853789
-0.63681177970968195
-11.782362933735545
-20.437280361663259
2.3217088887438915
-20.982746796903001
-7.1687837412294186
-0.67662968901974652
-1.4642563763741214
-20.540747668397561
-6.8096112047522279
-21.516767269727374
-20.572419597421323
-8.6486056599153045
-21.760540887601437
-20.368088147621222
-19.089670507979065
-20.73378193348594
-5.650132044597119
-10.423953022283296
-0.070817348282026751
-1.4008923349280089
-23.537624574083363
-2.6975581898192438
2.4513115147230664
-10.30114816774066
4.5090911152550994
-4.4929163265758598
-21.516767269727374
-2.8395217751796711
-7.4564483804562771
-0.86675148703335581
-1.3099364433817251
-1.1089562175629015
-20.971762998506698
-20.374427700974159
-6.8424751087772897
-5.4249074597818323
1.4237467678330886
-3.0327226961288964
-18.752784769677586
-20.249227799487684
-1.9052023543449554
-21.517335238449611
3.07545987315283
-20.982746796903001
-4.9414648384110142
8.5525243455117508
-18.589954417924972
-10.967698816055341
-20.775897428069918
-1.4009583080412591
-1.4155855780413533
-20.540747668397561
-0.036842439746261869
1.7030989230280902
-21.616763967305523
-21.517335238449611
-7.7944459839107658
-30.988126632473975
-18.686170266903257
-19.984630794129469
-7.0546469679685462
-20.598162317892395
0.41085099224093719
-19.984630794129469
-16.058171272330497
-8.8349624618734772
-3.3398861070331898
-6.9981264879842859
-2.4273877871320013
-19.358297810633832
-8.3230931211514623
-16.139608784706979
-10.045539222455309
-11.879718857837448
1.9285836108755265
-8.8474784136782549
1.341044006635427
-4.9414648384110142
-11.850045500814561
-10.339454021712195
-23.093864800454295
5.322381062215122
-20.572419597421323
-15.685555885127794
-24.19735341865367
-4.3195195024739546
-0.34387779442020505
-14.964790618860095
-12.900847076306631
-9.3546362234698321
-5.4598558299554583
-21.072785699047525
-13.788366037132615
-1.8543098512463547
-13.903794822241364
-22.135378872174133
-0.56368233635140552
-8.2358579737922781
-19.915327670294534
-4.5754410184540761
3.1485812383202383
10.409159980481659
1.7101881089525544
-11.415872388038959
-3.460439159014228
-8.9299119218323018
2.4818483046770865
-13.940789489178419
-7.0717218032458486
-15.292712305148571
-8.3568700549877466
2.6008144764461614
5.509170447909443
8.5411387822371463
-20.512009842773637
-5.1890876146461791
1.0380043575637639
1.5339197311973982
-9.915364997122845
5.299969750379816
-6.1841844923894751
-4.2715227085292149
-20.319871154464771
-26.450661447241878
-12.381123339784404
-51.845800813178172
-2.1707064633943953
-0.62980233544478903
18.229374745615647
20.972136603571638
-19.626036743541288
-18.930810215094816
-7.5891924789697107
-7.5891924789697107
-9.7491015853388543
-12.165293979032173
19.906401936432086
-12.876958281024892
-22.082188220549064
15.813921851509324
-20.633153626196943
-1.9192031757435781
-30.339546664591573
3.2871477892659571
-2.4400244563628655
-0.93956703207515424
5.8574120735068398
-13.1590478951547
-4.9436585521795795
-11.417377655446547
-21.368906333022828
-21.009178380511397
-4.3792378591696917
-4.3792378591696917
-6.0602908486841844
-13.914000862942327
-8.2334320171001352
-22.266427340072664
-20.546339988249663
9.9579018431916335
-32.399777617932671
-6.2261686123401709
7.2735587658895771
-10.665623295183824
-21.145112061927598
3.9516515269668782
1.3521655878240768
-20.775897428069918
10.679291734848682
-22.491778498817336
-22.491778498817336
-20.982746796903001
-0.36446436837586371
18.607196231066009
6.4116969166304685
-20.060881353400319
-19.591471404752113
-20.091655398771259
16.207425422991928
-12.028218882186611
-11.495588613307996
-14.108016793412874
11.468217786581818
-31.526171890109453
-7.8209956919021542
16.847228803321887
-7.8766760676968195
-1.5221478983348828
-19.449669156421329
16.367029119447931
-20.982746796903001
-5.5074625752745936
-14.236141258503936
-20.540747668397561
-42.79320895187972
-2.5761519373741759
-5.5074625752745936
8.7572702639048856
-6.0630058204648227
0.89615610049289995
5.5754218876517374
16.378511124707373
19.992335399929019
-4.9414648384110142
-20.572419597421323
-10.653675890270621
-17.761107502140096
-4.9414648384110142
16.119227555521487
19.440066243117528
7.6514987530230192
16.13161463052926
-26.642264841053127
-0.081766084668707412
-6.7679441939026379
-2.0047481324460099
3.2871477892659571
-2.4400244563628655
-0.93956703207515424
5.8574120735068398
-13.1590478951547
-4.9436585521795795
-11.417377655446547
-21.368906333022828
-21.009178380511397
-4.3792378591696917
-4.3792378591696917
-6.0602908486841844
-13.914000862942327
-8.2334320171001352
-22.266427340072664
-20.546339988249663
9.9579018431916335
-32.399777617932671
-6.2261686123401709
7.2735587658895771
