-6.0248198620773383
9.2532106104655032
-10.24354642362802
1.2081926735630515
7.4612738999031976
-7.1675676803410564
3.4041372551300131
-8.3353071781208694
-11.767094162762803
-7.6941826264473479
0.4258622229091763
-9.3166857282039306
-2.2101095927194372
8.2236182605787658
-6.342062241729864
-11.111827712314509
-10.223157672147076
-10.031676905954502
-10.644887240157598
2.6936119420526974
-7.6543883005767492
-8.7562689257847826
-6.5898750030397277
-4.9696001858106094
-11.576941785663946
-12.114595202127182
-4.9696001858106094
1.0079100966079475
-5.4013163044753325
-5.8252438332439418
-3.7719959781052697
-5.053727872963532
-5.4485827655527155
-5.9098019522219802
-6.2396262806599943
1.4361546374609304
4.0041507645015368
0.13718938923284277
-5.5570106747147419
-5.3447151559411754
-3.2217913943063294
0.97140692975551357
-7.62230468900513
-3.3489815930463536
-8.2856458569916551
-6.8087847239101809
-6.0248198620773383
3.3723835348519553
-10.644887240157598
5.575005989948985
-6.0248198620773383
4.9446816939716189
-5.3961868037037153
-7.1875810268592994
1.7974786869505099
-4.1703737243703385
1.181504213631632
-7.6707396238289753
-5.053727872963532
-11.251696340179564
8.2265133772325054
-10.8047200419366
-10.644887240157598
-0.75743261614800328
-42.142302285970665
10.116633279105015
12.329384289550299
-2.3772773324890077
-2.211734273291079
-10.817915461298288
-10.165417236263375
-10.307129299082892
-6.9172598199618376
-11.101400863181974
-9.5377702670316591
-9.8309001747851106
-5.1226034654488091
-12.672090742808905
-13.481560157052254
-8.5055018106889637
-10.151401733285402
4.1811691737307326
-9.8932494956570824
4.1976224698940756
-5.4543594549043615
-0.32762501212010137
-8.0052607808010556
-1.9839759684670069
-2.2625133806335511
11.379923529638598
-6.8261933975972999
-10.155759888511609
9.1425021098547194
-3.2100421376457495
8.027188338331614
-7.1084374217293185
-1.77750298606636
1.4300612485265674
-2.5931086860187933
0.13818109710314896
-11.866055202416343
-13.120974548425519
-8.0091141721569645
-11.646965071834464
10.342242968970586
-11.741387221876129
-6.9564012741545573
-10.013872561738937
-11.884442407674689
-7.3178687188656424
-8.1746061287875715
-0.26948502823883941
-9.7779096624288755
-0.90220304488055192
-3.9836925117886746
9.5774219532409965
8.2605120227779345
-1.7643146699818693
-8.3756262891437583
-9.7575742548932709
4.1854054145311643
-1.6149512314889483
-8.2951895002114178
-1.6648157835517501
-5.1677573948024653
0.04892035167805036
-40.321485738434973
-4.1000470205500292
-1.8721836029384276
-0.80890633618156305
-10.5225786769947
-4.2584460254173981
-3.5505503513968248
-6.0914450976332342
-9.2494187998592761
-3.3880801698981151
7.6475325445628242
-10.669813024139044
-1.8333943132363695
-0.47850906352386974
-0.18365031141799956
-11.83906216656789
9.8249966053600293
-6.8990856779256431
-11.996992945056876
1.6747884068949122
-7.5590389929465482
-9.5991754427372236
6.989084158216972
-6.4935012564667698
-7.1167911556526589
-2.0761255391180611
-3.8818856094459324
-10.644887240157598
2.6936119420526974
4.7387870811436255
-11.477250133918909
-6.0248198620773383
-5.5113578232940554
-0.3499232033168051
-6.0248198620773383
9.2532106104655032
9.2532106104655032
-10.855649878781488
-6.8117837154502601
-4.9586285342509422
-10.780877325801995
-8.1317710787344488
4.7488200568032557
-6.1956713408742479
-15.301027685523998
-0.85586467166638336
4.4494728294399764
-5.191236669908843
5.1329105439098779
-10.333685881101861
-7.721271526394915
-3.0478109859770308
-8.9575494836347236
-2.8090834432925469
7.5677759968642846
-10.24354642362802
5.8122743781822734
3.8076465399130814
-0.46833165942207872
-4.5122870750713258
-11.434512510376269
-10.644887240157598
1.7205121278292452
-2.8563338326314178
1.5376687935662308
9.3968113995364462
-6.0248198620773383
-6.0248198620773383
-9.66603296524619
9.2532106104655032
-6.0248198620773383
4.9446816939716189
3.7059152015733838
1.8989221838355066
5.0351551562643095
-6.0248198620773383
-11.825567136261441
-6.2103996380558604
2.5371506957216052
-12.185876907388941
-6.592574210386573
4.073044121221657
-4.9108479285382813
-12.516214415144345
-8.9700431341245483
4.8967245405717605
-11.103018654741732
-13.524713113350856
-8.300180921256203
-44.686666316692566
2.4707725370552711
9.3968113995364462
1.6855194106402678
-9.2317212460564217
-11.166367040063445
-9.4696498190385636
3.9075741113646472
-0.65597902607081049
4.1972416697913761
1.4034637759925668
0.12779013103841416
0.12779013103841416
0.22119230057531417
-10.458913561235857
4.2306459126067999
3.84121277350373
-3.3977703535753419
4.002098139992829
-2.8310358762797927
-4.2296666727158359
1.9170154672416231
1.8800570345356733
11.379923529638598
-6.8641459262665281
-8.3432624799879775
-10.155759888511609
-5.9968832182110425
-2.6550154217750261
0.20566427426930775
5.8964552437181821
-0.094763958414103899
-2.1792203570459705
-11.451035818976838
-13.124815140550421
-6.6338172711868788
-11.518960090289125
9.6828995637828577
-11.949908971542163
0.031952483615705241
-6.7394231727338898
-11.131838963154733
-11.221418446877397
-11.884442407674689
-6.604882901840595
-8.4773277803521765
-7.7478940891480281
-2.3416027774458321
-4.6775110151766057
3.670127257928939
7.8046038039891394
-2.877979476647901
-3.94918397406009
-1.1084910296402655
-1.0863175487268797
-8.1685781535061377
-11.27603480055966
-6.5763846908330308
-5.2656029079812079
9.1724406860758219
-39.827844170157633
-3.7907483652768881
-2.0686288289956951
0.15823363315603373
-8.8799688099918903
-3.712896860918526
-1.914527558659805
-6.0914450976332342
-5.9778124643584807
-6.4607359825426727
7.6475325445628242
-10.861320790163452
-1.4541252640748981
-0.81541154153570583
-0.59991484056192568
-1.4552704195351955
-12.333655064382853
10.333638247629896
-46.383716395004122
-9.9896212464362328
6.3386592656548588
2.5541589214066476
9.5317011959741151
-8.8411816507485543
-9.720540219398293
-11.737812937328046
-15.315613366822408
3.5268712840999092
-13.326119338921368
-8.3428338614030402
-10.653859590349855
3.2391182049864691
-10.870549163383441
-6.0248198620773383
-1.357950357334673
-1.357950357334673
-10.641644564455175
-7.338827068947734
-9.4508474894218182
-2.8509207261243867
-6.965449833954569
-8.3871227272392073
0.69712047261640675
-8.9259895276486212
-11.639754053022308
-5.6440686650259408
-8.2757792909544445
-3.884541948255956
4.160393212473017
1.7974786869505099
-7.6543883005767492
-5.1687948268665966
-4.7041735186300793
4.3935010550828837
-5.8967796269609964
-9.2390087082834125
-11.819578898497836
-7.8629365235085746
-5.0960621830459649
-12.612476934203171
-10.006169273425233
-11.639754053022308
7.2908727414495704
-8.9348797830554361
3.3603282750080417
-6.0248198620773383
-4.1361180004915301
5.5050169829797984
-10.24354642362802
-11.216269304808877
3.6377497035473505
-12.041094869551888
-4.4787254682585829
9.2532106104655032
-5.4543594549043615
-0.32762501212010137
-8.0052607808010556
-1.9839759684670069
-2.2625133806335511
11.379923529638598
-6.8261933975972999
-10.155759888511609
9.1425021098547194
-3.2100421376457495
8.027188338331614
-7.1084374217293185
-1.77750298606636
1.4300612485265674
-2.5931086860187933
0.13818109710314896
-11.866055202416343
-13.120974548425519
-8.0091141721569645
-11.646965071834464
10.342242968970586
-11.741387221876129
-6.9564012741545573
-10.013872561738937
-11.884442407674689
-7.3178687188656424
-8.1746061287875715
-0.26948502823883941
-9.7779096624288755
-0.90220304488055192
-3.9836925117886746
9.5774219532409965
8.2605120227779345
-1.7643146699818693
-8.3756262891437583
-9.7575742548932709
4.1854054145311643
-1.6149512314889483
-8.2951895002114178
-1.6648157835517501
-5.1677573948024653
0.04892035167805036
-40.321485738434973
-4.1000470205500292
-1.8721836029384276
-0.80890633618156305
-10.5225786769947
-4.2584460254173981
-3.5505503513968248
-6.0914450976332342
-9.2494187998592761
-3.3880801698981151
7.6475325445628242
-10.669813024139044
-1.8333943132363695
-0.47850906352386974
-0.18365031141799956
-11.83906216656789
9.8249966053600293
-1.3633811293115012
0.79364551555432816
-6.0248198620773383
-9.2123411186397632
9.2532106104655032
-3.9194120386315698
-5.9888277658023679
-7.441167056965587
-0.21283116716595471
1.2931053085242352
6.2829292123005516
-5.2995641169719345
-0.13199369715179057
-8.9517328584691871
5.2170498846791897
-5.7395111130580441
-6.0248198620773383
-6.0248198620773383
-6.0248198620773383
4.9446816939716189
-9.6335834300841245
-10.223157672147076
0.26113264788462281
1.4435226840069717
12.83559054417413
10.125380278225114
-9.8390642289105834
-7.2343905989896555
-5.604295391268022
-5.604295391268022
-1.9748962963893359
-3.3728644351243546
11.354139326522397
-9.3321105340408543
-6.0248198620773383
9.2532106104655032
-10.24354642362802
-10.070459544771607
-9.0657612426616865
-8.9851010259371247
4.4912027126604164
3.3793679103866086
4.128394709386253
1.0826684267034832
-1.995501671576186
-7.064835239060911
-11.649611718682731
-1.0728548170116066
-11.216269304808877
1.3683162462588898
-6.0248198620773383
-4.3661728249049139
5.0576508366741928
1.2392485006209046
5.6852478520442284
3.2931629545985617
3.0774590768727648
-6.6932547636769879
0.87504451433347108
-11.484946112708728
3.067048426165067
-0.44513299401310413
3.5512046572338245
6.8398045919139969
0.93920641998987686
3.0267783171786014
3.0267783171786014
-6.0248198620773383
-10.644887240157598
-10.563922514480723
-5.8252438332439418
-22.850579980391046
-6.8990856779256431
-5.104533203601834
-12.441730086136598
6.0502236399257994
3.9195323853853519
13.407534336540644
3.3833855869458773
-11.005207735559132
-0.024277794405076918
0.24836698678399408
-5.3294128152559308
-1.5607207520613027
1.4920485996107027
3.219852404520803
-0.23330029920380599
-1.2861517970020917
-10.972497602354947
7.3086735821254418
0.83973872905610847
3.6012482933395953
0.85621456988179234
-6.9866317509518607
-9.5400122274128716
-8.9348797830554361
-5.0883910486530048
-0.96625512191195595
-2.7788059451704288
-10.076257278693959
-8.4482414555232737
-0.84290710065199803
5.6533387854028527
-0.50482807247210615
-5.1988268601980367
-47.767502768713989
-9.9820497677440603
-4.759449133249003
-8.5814545638433479
-9.4450702949695202
9.2532106104655032
-6.0248198620773383
-8.1984742550280743
-10.644887240157598
1.8142321858359931
-9.2033028054084305
-6.0248198620773383
-11.580173946398581
-2.0743892043250316
-0.99412718911188502
-9.4261637888188705
7.5340733391763699
-10.644887240157598
-10.644887240157598
1.7881221352468495
8.6344320579640677
-0.8478922313350219
1.0854446894743535
-8.3808371667045467
5.470566519260462
-12.14333556807548
-0.92348379281890569
5.2239595793777269
-6.4525895886505484
3.4256333404985573
-11.975831301106965
-11.143151166309352
-11.216269304808877
-9.3916334822487535
-10.870549163383441
8.6477194446793408
4.993303865687813
-6.6434398893167979
-10.318350621963164
-10.563922514480723
4.1418892072485622
4.1418892072485622
-11.639754053022308
-8.7467574307255127
-1.5745059996438824
-1.5745059996438824
6.2613425517303298
5.8122743781822734
3.8076465399130814
-0.46833165942207872
-4.5122870750713258
-11.434512510376269
-6.0248198620773383
-6.0248198620773383
-11.384142976134315
5.0679937539047542
-0.23438307609826312
-1.7274789595251514
-11.064935998481223
-11.079665079422076
7.6380664041825703
