18.944804578410682
9.2764363338914819
-18.090831775877376
-1.1622110602756965
-3.1730849685143969
-30.350536879166114
-10.976975777108331
-30.350536879166114
-10.197498564232395
-5.133893105141472
14.84543144446633
-20.92887336664306
8.2339962694325362
11.507904508514541
11.507904508514541
-12.418533074406318
9.315511894771209
20.32279600617689
12.518491263210356
-17.960804171518085
-30.350536879166114
12.015217490133743
-15.485039523885284
15.163417560614207
12.842765704556976
12.450509567701834
5.2729295982157272
-19.506771324988716
-17.960804171518085
9.3681952601131364
11.803217232941591
-17.960804171518085
9.553812641966287
12.40042193885418
18.327274513660456
15.858086721950768
-25.242053761500244
-15.763175741989278
-7.6148040825400134
12.780231669536306
-14.034023882289571
-17.335281678857676
-17.730454377025787
-17.808234645052206
11.803217232941591
-5.30648906156393
13.207300661651727
-17.730454377025787
-4.1667098933304061
-16.988554381385431
-18.233502283742983
-19.01108453411657
-18.080328934210403
-20.97928726859038
-21.937337814579816
-17.005302366931794
-17.730454377025787
11.770122180629508
-13.322390538428692
11.770122180629508
-17.873640916520035
-17.730454377025787
-0.23909622180649301
11.770122180629508
7.219210152956717
-28.089487800039294
-17.679747155215622
11.82343033856346
-19.506771324988716
-11.977213980271911
-11.31891326133954
13.200538340573013
4.1446003025411295
-30.350536879166114
-5.3026914328689303
-1.3397950417492996
-6.7766159646143986
36.903356409689614
-7.5637594545816178
-0.29821840498693813
-30.350536879166114
3.6573997754785248
14.011708166954588
16.968208985650971
-10.197498564232395
-25.323253212210158
-1.3502173948731542
-16.820917179530877
13.112462090692492
-14.558585098875259
-18.019359025791481
-12.334379768419124
0.46343602742042861
24.478829153878628
20.716456784067852
2.3870479488211114
11.538810130237879
-1.8080943300871726
-9.7686460576183034
8.4033720581866405
21.063205791657289
-18.437546829840549
11.178669479071392
-16.566200884686495
17.246083600933513
18.109210006459023
11.162583998322514
-6.7057980748669745
0.70246376210125661
16.868066044162678
-14.780523778073198
-3.625385694696984
0.18220665995044716
-17.960804171518085
19.985301481170257
11.800588191212352
-17.565631473349985
-17.960804171518085
-17.960804171518085
4.616016613974776
-19.280020399269119
-9.9185536328810233
-9.8450234019499394
-18.133563957266645
-19.010421830446589
3.1905432523268966
16.509822129265448
3.5122799726327023
12.068329578764265
-17.136096416587581
11.350181618995295
-1.9383841913391058
1.0321497260021408
5.0786835489351585
17.542810124100516
-21.937337814579816
0.19681943083302786
2.0587893928998731
-6.1659278243236253
10.747110293499311
3.2382171600057474
-25.831611919803599
-19.915489363028044
-10.197498564232395
-30.350536879166114
-21.078824501696023
-8.491246157437411
8.2988158947928845
-21.82518181712425
10.094926142494215
-18.216226107994192
-25.242053761500244
15.416202388331406
-7.6445522016030649
-11.249169044536664
-6.3896418292649342
-30.350536879166114
-30.300391872312446
-4.4666859824035399
-30.350536879166114
-14.847365143988068
-17.960804171518085
19.195754339444232
0.9177885427810486
-13.715269459486699
-7.9675607348505748
-22.824864845738592
-7.6169944776378617
-14.65449452965219
-17.841796756868085
-39.204551894840399
-30.300391872312446
-30.350536879166114
-0.94086625911719712
-3.7213553483464055
2.3077613096322986
5.083416048785705
14.969564222632783
-15.665686273220567
8.4995695912210145
-17.491074097900214
-13.241902140340024
-15.877537349064093
-5.3290862869796909
2.5355859505105611
-18.080328934210403
-22.85304121031254
-17.462372311147782
11.352884259916998
-18.066813366883366
-6.4144353590858678
1.3227844055757239
11.719055166774515
-17.04838618226626
0.44636936021991092
-18.905543153888733
-18.133563957266645
-21.131814007952617
10.412859377888649
10.4051959928196
-17.960804171518085
4.4882135292886929
-10.197498564232395
-7.5785009940807768
-10.197498564232395
-7.0028177314239501
13.533591906496149
15.81716647464439
-17.960804171518085
-23.260698022455415
-9.3284727535279153
-30.350536879166114
17.032697735876976
26.943354473106986
-6.3234541631143308
-19.454830749094022
32.725278577329227
-11.534421692067633
17.662507382031016
6.7855914177860122
-25.644595438801975
-22.269970890632312
-17.948090493816125
13.389231191334686
-14.991290385833992
-22.695695755957519
19.404258617423316
-10.773088445142363
-15.314180299495234
-14.443020622654638
-18.080328934210403
38.888086303637422
-7.0928673469329473
7.8891674797025795
0.85628453781673797
-30.350536879166114
5.6549873842732721
31.655494399821944
21.618713879511663
-30.350536879166114
13.815253262636041
-18.098765813591989
9.8602626221777356
5.7812833165903035
-30.350536879166114
22.702068118988191
-17.730454377025787
17.599195292217392
4.5160751009617348
-17.335281678857676
18.316892495166158
-17.960804171518085
-17.960804171518085
-17.960804171518085
5.1498423823664305
-20.97928726859038
-6.7661258424295099
-1.7129583275772855
8.1162170143681447
-17.960804171518085
-19.056453341247874
-6.3565875021567928
-24.475975641207498
-15.769020976172401
8.7713997713033383
-18.0017900152971
-7.0818447463246539
14.100648886779275
3.6292941128120599
-2.2772516526501736
-17.06802986808577
14.362823666398329
24.873324427789129
-12.51185485712122
-4.47673733216737
14.613992592582392
1.134545538142727
-15.967624506709303
-15.058206507957699
-20.97928726859038
-11.915936445908446
-17.960804171518085
12.183626020587266
17.492539146590975
14.299296300842739
4.0275089872655681
-5.2718375246358056
-14.167322680060689
18.970396775332475
21.364180288038533
-28.477315076552891
-6.7766159646143986
5.5962866608894748
8.8412675482785019
12.076257008058153
-33.277141315796904
7.6945031185132908
18.171859387379651
-7.8257297849512977
17.508354868540497
-30.350536879166114
-6.2424730782190396
-17.960804171518085
-22.574548641993267
-17.960804171518085
-21.937337814579816
-10.197498564232395
-30.350536879166114
-18.424198265447167
-2.4205109216486358
11.629586162888277
-22.61644028710429
8.8412675482785019
-23.683271278835253
1.7754842355629092
10.377895789177989
8.1677625850455762
2.0615689385834277
-30.157273144132471
-6.6257288247227777
-19.677069290301098
-10.333395738016186
-18.454806179590786
-1.3117490696456153
42.543419913686748
-7.9481564017750399
10.482062408604003
-15.496666998824029
8.0941415380574622
7.033806611694069
-30.350536879166114
1.6715177406096287
-17.960804171518085
-30.350536879166114
-10.543219696723565
-17.960804171518085
-26.629052763616137
-17.960804171518085
-16.849040474372995
-5.7354068909214853
-21.937337814579816
-17.960804171518085
-22.201692782627564
-17.960804171518085
-21.82518181712425
0.041624161182614118
-17.960804171518085
16.02117728260388
-15.048233976462297
-14.937758350572489
-9.3048059444273026
-28.719076255116814
0.95088359509313147
-17.427339383695085
-10.395208708760423
-3.8927251909427678
-10.751797656203648
-17.636041968150789
-4.1261283862732263
-1.876614707737652
-6.9919798697050561
4.8031094380105825
-16.684255792189251
7.8066381423455979
-16.864858447255507
-15.80884972839951
-22.324083111492129
-20.883676442731009
-2.1363796172237439
-16.656140493219265
-15.642153197770162
-17.223792239551187
-4.3735401720306193
-15.022157727818009
-12.044170648027638
-16.28457890872189
-6.9703706789248274
-7.3027853825953057
-11.540454482031786
-18.272139976326404
-29.081269914389896
-9.0550544412349456
-17.875890041720016
-35.109377681364784
11.82343033856346
-14.604616609676548
9.9041491080652051
-30.350536879166114
-16.535335946991463
11.770122180629508
11.759220079529872
-17.288449960527416
-12.507784744502365
12.640257038529109
22.25715528641841
5.8273079869724311
-7.3267965582246832
-6.6043174315033397
12.006241309259977
0.17847265347943833
8.8412675482785019