-6.3810407724143641
3.0115859807764922
8.567677028534737
10.633613682489248
6.4560071495371094
-8.4122429428994323
7.8586321793242151
-3.5807360152998644
0.016322935276775915
-7.2310339282685892
-4.8897758034367422
0.52701638039431298
-7.5709870365968825
-3.952816214428144
-4.5615982493239509
1.121437553670146
1.9206786424065525
1.9206786424065525
3.6167394543721088
6.502892498670076
-8.7652250641673639
-4.9229980578276562
10.86948487876891
0.53522445624223336
4.412871216113583
-3.0233995642447771
-0.78559150101435571
4.8772179830000937
-17.153185536904545
2.9042140345295686
3.1944106663161564
-2.8358062608956729
-8.4999437231122918
0.39039460191553632
-1.1633965774722128
-3.7725840747922694
4.9689807805713624
4.3177110656056259
-6.1243307566908358
3.0601236414065194
-0.48516584772027832
-7.83260368531871
-7.2561207137011543
-16.730498043537875
-7.9112763743941077
-3.2991565657503741
0.69797540844777484
2.9048514611446428
-1.7982291884434733
-8.5335740854308657
-4.4160956116216523
4.5731456546799052
-2.3652709070621674
3.9913442015685323
-9.637623333484763
-3.1742657269476213
-5.3957041554370857
-6.1243307566908358
1.1941047644611755
-7.5783143052539712
-5.5431436651350223
-2.0080724248298423
-6.1243307566908358
2.2429240446303886
4.816533135529987
4.5279568287476222
-0.0034841388950809724
6.4189971466403843
0.21901399120949294
-3.483729261281856
-0.57452353451104854
1.6694669314807342
-5.6753923044213179
-8.488805950159108
-7.3686760009517434
4.8007343206923654
-6.1243307566908358
1.007932080142635
-5.8072559224306701
0.49090680982495827
-7.3014487550085816
2.1075843295004306
-6.7229045520653825
6.9469820746330395
6.287036872473899
-8.614594685169763
-2.3822135472866339
2.3730195525258391
-9.2131817595585908
-6.390448599088808
-4.316507822154021
-2.0874210501896404
-9.8868387369093931
-5.6440697311385382
-10.298446036162945
-4.6030151541412208
-6.1431152645910503
-4.4776775469102912
-0.15016069729710224
-7.6284234700013132
4.8516547185468752
-7.556549850986273
1.505724341392197
-1.408681959860038
-2.0656957234055406
0.19753224741346573
-5.0280178208736466
-3.7412211153090054
-2.7335131920677327
2.0894838817080532
5.7736301324202701
-5.0583606288449134
-8.5498804630491723
-6.5626618348379528
-4.2999712513024457
-5.4954937218171169
3.0270814106696333
4.5565479295461264
-7.7206465033029561
-8.7896314038886754
-11.581540777555469
-7.8251977732076927
4.5925557852107852
1.5398523757636966
-4.5615982493239509
-7.2984424337782521
3.0250110065016096
-3.5422880922671194
-4.2224051411586245
-0.42598931239124854
-3.433265049275799
-7.2054204677494393
-7.3211028154952382
-7.4151377019448104
-6.0093912201006416
-6.1243307566908358
-8.9610536538470846
-7.2306865946773442
5.2070452633341562
-4.2834491040211375
5.0731338463224409
-6.1243307566908358
4.3177110656056259
-8.3260809954386126
-2.6784660257780364
0.78223393945295472
-5.0993418946009905
-3.426983879917755
6.680944908596909
1.66351741712968
-7.4638105765900713
-32.836920568297138
0.42715914005613814
4.9929401264021438
