-1.5099392686927313
5.4166363427193618
-2.6453789365002032
-6.1432664578054403
4.8494325769499698
-4.1478334573317808
2.8926554456149844
1.5558181094953372
0.8584919098674002
-8.1325282764298006
1.9371254606370996
-23.820428287259539
-2.1763791188918851
-2.1763791188918851
-5.0888595218037826
-9.5661222084079753
2.7055502462622623
-3.4670470721942523
-1.977178368601076
-4.9761732795689699
-1.1724757767310869
1.6433565902535032
-6.9518165492872939
-2.0747612853141906
-0.052906658582655093
1.834919406911151
-3.5059778492783273
-4.5922836483991105
-6.2379889535112483
-0.95904447703982321
-0.37106279144897181
-8.881255218864494
-2.667804049413312
-2.1821571685130725
-1.3361721063825593
1.763913185631395
-7.1855458419421252
-4.6331959909170308
-6.9666957665608411
-0.80478342176201867
1.3508492980043945
-1.440822743009551
-3.0530050648227158
-1.7457536521364083
1.6765092170128506
-2.3382572110267974
-7.9846419810288287
-3.9789877577832913
-6.3565904661557067
0.48650607668377982
4.385820514982842
7.0946701360946589
-2.6530849681943112
4.265082439142339
-6.4765084400435713
-3.5378454285479686
-7.3965607974182728
-0.14381157792162688
0.72691764060276698
0.47742253660690764
5.9377696846850387
3.0034556041933249
-8.4263307917237533
-3.3550929929452646
2.9025462917631546
-5.9207451535753641
3.3554550241801619
-2.1432192215447055
-8.5164875706416687
-2.7581386016869871
1.9540978265065028
-3.0974763431875467
-4.6620399867094164
-2.0146392116410086
-7.6490974350326582
4.6175995528219662
2.4733439860552888
4.6859317616528608
-5.8504551349462481
-3.2322536960594555
-4.4674879426577307
-5.9075932334117045
-4.301469535877283
-9.6542818286603307
1.9638213219417902
-9.2900604589169635
-7.7530442216548492
0.60964788979920626
0.5714665385555987
-11.808142524578049
-8.1158282798859478
-2.3893067155156675
4.6933223068441414
-4.8602905029542773
4.9909426674668422
-1.4925232476166093
-2.6453789365002032
5.4268678976210625
-9.6056343596030302
4.5559095781071086
-3.6606751466638143
-3.510110038902678
-3.1800201529189938
