-3.1800885017852933
5.1747236914984311
-5.3109150220730283
-9.3495723215918041
-0.11493215690964212
4.8717173975434189
8.0387103723221607
-0.25793260313857769
6.785468093863039
3.3721523344475983
-5.4271368952418957
-1.5163545089156296
-9.9376134742002886
-10.135415928544294
-10.00641169810584
-10.919252193245882
-3.1800885017852933
5.1747236914984311
-10.143607770108433
-2.1055034017338712
-2.0022226705910757
-0.29910769622006889
0.30368152370733137
-8.0479090720635647
-2.3069473124777442
0.18474222328600526
-2.0906801865480951
1.095346439319308
-4.3376716234512021
-8.9374408422108118
-3.4841296035535851
2.4993537292960366
-3.296659329526785
-0.40979602716248487
0.24474995446186565
-0.26385581898471078
-1.8625551203500543
-8.4185691778908485
-3.9237247145093601
0.21703411354969321
-1.3607492567235191
-10.00641169810584
1.5953267716829702
0.83283939720086553
5.1606774084845144
-0.1388625943880796
-10.455199316824018
-1.4217611291870889
-2.2603968024394114
2.4223580481873936
-6.8789439988362222
5.0552408738748813
0.57297911035137694
-10.773324718680994
1.3449808945477513
2.8542673954770033
-3.1800885017852933
-10.131470140347965
-3.7135619488555065
2.9347482144336627
6.6976935909236417
3.7971026994861039
0.76825932952095988
-7.0348461143644228
-1.0754228273951298
0.010950452086577005
1.4878297114709635
4.1757959410258412
1.6440828490833523
-5.3234426867796154
1.1239770259208071
-6.392400170792877
-8.6274866569911328
-0.35553897162544396
-2.0878718728717547
4.475889196403914
-5.5402741202924322
4.3735651765022592
-5.2194759614017361
0.93225457684839885
-7.7825303212677532
-3.2417659500578715
-3.4417145219550278
-1.4353255113015513
4.5053907230257462
-9.3495723215918041
10.56213626172031
2.364027337379067
3.7815600573258621
-3.4395377633714093
-4.3997406045879339
4.315496722818783
-14.013651481844759
-4.7969615241426347
4.5529061403313218
0.91268290285661724
